"herd"	"sowid"	"litter"	"lmort"	"herdtype"	"year"	"month"	"quarter"	"sow_parity"	"sow_tx"	"dead"	"lsize"	"n"	"stillb"
25	25078	1661	0	0	1991	10	4	3	2	0	6	9	1
25	25148	1788	0	0	1991	5	2	7	0	0	15	10	4
25	25317	2176	0	0	1991	2	1	3	0	0	8	11	1
25	25238	1977	0	0	1991	5	2	5	0	0	12	11	3
25	25335	2221	0	0	1991	7	3	3	0	0	12	10	3
25	25138	1767	0	0	1991	1	1	7	0	0	10	11	0
25	25316	2173	0	0	1991	3	1	3	0	0	8	9	0
25	25145	1783	1	0	1991	11	4	8	0	4	14	13	1
25	25331	2209	1	0	1991	6	2	1	0	7	11	13	1
25	25075	1652	1	0	1991	5	2	2	0	1	0	11	0
25	25218	1931	1	0	1991	7	3	6	0	3	10	12	0
25	25224	1942	1	0	1991	3	1	5	0	2	11	12	1
25	25161	1811	1	0	1990	11	4	6	0	1	14	12	3
25	25242	1988	1	0	1991	5	2	5	0	3	13	11	0
25	25222	1937	0	0	1990	12	4	4	0	0	9	8	2
25	25037	1567	0	0	1991	10	4	1	0	0	11	8	1
25	25200	1896	1	0	1991	10	4	7	0	2	14	13	1
25	25198	1889	0	0	1991	1	1	5	0	0	4	9	0
25	25094	1693	0	0	1991	7	3	2	0	0	4	11	0
25	25336	2222	0	0	1990	12	4	2	0	0	11	10	1
25	25145	1781	0	0	1991	1	1	6	0	0	12	11	0
25	25022	1550	1	0	1991	8	3	3	0	1	9	12	0
25	25253	2016	1	0	1991	1	1	4	0	4	11	14	0
25	25061	1615	1	0	1990	12	4	6	0	1	7	10	0
25	25216	1926	1	0	1991	2	1	5	0	1	13	12	2
25	25248	2003	0	0	1990	11	4	3	0	0	10	10	0
25	25259	2029	0	0	1990	10	4	3	0	0	13	12	2
25	25085	1676	0	0	1991	2	1	1	0	0	9	9	0
25	25168	1827	0	0	1991	6	2	7	0	0	10	11	0
25	25270	2058	1	0	1990	11	4	3	0	1	12	11	0
25	25033	1563	1	0	1991	9	3	1	0	2	10	11	1
25	25319	2181	0	0	1990	11	4	2	0	0	11	9	0
25	25039	1569	1	0	1991	11	4	1	0	4	6	7	0
25	25079	1663	0	0	1991	6	2	2	0	0	11	11	0
25	25062	1619	1	0	1991	4	2	6	0	2	12	10	2
25	25277	2077	1	0	1990	11	4	3	0	1	9	9	3
25	25001	1521	0	0	1991	1	1	2	0	0	13	11	0
25	25319	2182	1	0	1991	4	2	3	0	1	14	12	0
25	25001	1522	0	0	1991	6	2	3	0	0	16	10	0
25	25303	2145	0	0	1991	2	1	3	0	0	13	11	0
25	25069	1638	1	0	1990	10	4	1	0	1	12	11	0
25	25022	1548	1	0	1990	10	4	1	0	2	9	10	0
25	25232	1962	0	0	1990	11	4	4	0	0	13	9	0
25	25010	1534	1	0	1991	7	3	1	0	1	9	10	1
25	25062	1618	1	0	1990	10	4	5	0	1	9	8	0
25	25191	1874	0	0	1990	10	4	5	0	0	9	9	3
25	25290	2116	0	0	1991	10	4	5	0	0	12	10	1
25	25293	2121	1	0	1991	4	2	3	0	3	16	12	0
25	25240	1982	1	0	1991	5	2	5	0	1	14	11	0
25	25141	1773	1	0	1990	12	4	7	0	3	11	11	8
25	25090	1687	1	0	1991	7	3	2	0	3	13	11	0
25	25342	2239	0	0	1991	6	2	3	0	0	14	11	0
25	25215	1925	1	0	1990	10	4	4	0	1	11	10	3
25	25041	1573	1	0	1991	11	4	1	0	2	10	10	2
25	25165	1823	0	0	1991	10	4	8	0	0	15	12	0
25	25327	2202	1	0	1990	11	4	2	0	4	15	9	3
25	25079	1662	0	0	1991	1	1	1	0	0	16	8	1
25	25278	2080	0	0	1990	11	4	3	0	0	10	11	1
25	25234	1969	1	0	1991	10	4	2	0	1	3	11	0
25	25065	1627	1	0	1991	6	2	7	0	1	8	9	0
25	25193	1879	1	0	1991	9	3	2	0	2	11	12	2
25	25065	1628	0	0	1991	10	4	8	0	0	11	11	1
25	25217	1928	1	0	1991	5	2	1	0	4	8	13	0
25	25239	1980	0	0	1991	5	2	5	0	0	10	9	4
25	25301	2141	0	0	1991	2	1	3	0	0	10	10	0
25	25111	1720	0	0	1991	3	1	9	0	0	10	10	0
25	25283	2095	1	0	1991	11	4	5	0	3	17	12	0
25	25290	2114	1	0	1991	1	1	3	0	1	14	9	0
25	25283	2093	1	0	1991	1	1	3	0	5	15	15	1
25	25228	1951	1	0	1990	12	4	4	0	1	12	11	1
25	25074	1649	0	0	1991	1	1	1	0	0	8	9	0
25	25314	2169	0	0	1991	5	2	3	0	0	10	11	0
25	25194	1880	0	0	1990	11	4	5	0	0	13	11	1
25	25303	2146	0	0	1991	7	3	4	0	0	0	8	8
25	25096	1696	1	0	1990	11	4	11	0	1	9	11	3
25	25178	1848	0	0	1991	5	2	1	0	0	6	8	1
25	25284	2098	0	0	1991	11	4	5	0	0	12	11	0
25	25272	2064	0	0	1991	10	4	2	0	0	7	10	0
25	25274	2070	1	0	1991	8	3	5	0	2	10	12	1
25	25113	1723	1	0	1990	12	4	8	0	4	10	12	3
25	25338	2229	0	0	1991	10	4	4	0	0	15	11	1
25	25002	1524	0	0	1990	10	4	1	0	0	10	9	3
25	25053	1599	1	0	1991	3	1	2	0	4	11	15	1
25	25334	2218	1	0	1991	5	2	3	0	2	13	11	0
25	25265	2045	1	0	1991	7	3	5	0	1	13	9	0
25	25219	1932	1	0	1991	2	1	4	0	2	12	12	0
25	25164	1820	0	0	1991	9	3	2	0	0	8	9	0
25	25030	1558	0	0	1991	9	3	1	0	0	6	8	0
25	25196	1886	0	0	1991	6	2	6	0	0	6	10	1
25	25105	1710	0	0	1991	3	1	1	0	0	12	10	0
25	25087	1680	0	0	1991	2	1	1	0	0	9	9	0
25	25344	2242	0	0	1991	4	2	1	0	0	8	8	0
25	25157	1804	1	0	1991	4	2	6	0	1	11	11	1
25	25309	2157	0	0	1991	2	1	3	0	0	12	11	1
25	25047	1583	1	0	1991	8	3	3	0	1	10	10	0
25	25308	2155	1	0	1991	2	1	3	0	4	13	11	0
25	25200	1895	1	0	1991	5	2	6	0	2	13	11	1
25	25102	1705	0	0	1991	3	1	1	0	0	9	9	0
25	25264	2041	0	0	1991	3	1	4	0	0	13	11	0
25	25276	2076	0	0	1991	9	3	5	0	0	10	11	5
25	25198	1891	1	0	1991	11	4	7	0	2	11	11	1
25	25230	1957	1	0	1991	5	2	5	0	2	11	12	2
25	25286	2104	0	0	1991	10	4	5	0	0	13	12	1
25	25007	1531	1	0	1991	7	3	1	0	5	10	11	0
25	25183	1857	1	0	1991	1	1	6	0	2	15	13	0
25	25035	1565	1	0	1991	10	4	1	0	1	10	9	1
25	25238	1976	1	0	1990	12	4	4	0	5	11	15	1
25	25291	2117	0	0	1990	10	4	1	0	0	10	10	0
25	25106	1712	1	0	1990	12	4	6	0	2	10	9	0
25	25260	2032	1	0	1990	10	4	3	0	2	12	11	0
25	25323	2194	0	0	1991	10	4	4	0	0	11	11	0
25	25280	2087	1	0	1991	9	3	5	0	1	6	10	0
25	25265	2043	1	0	1990	10	4	3	0	1	16	13	0
25	25281	2090	1	0	1991	10	4	5	0	1	12	11	1
25	25290	2115	1	0	1991	6	2	4	0	1	13	13	2
25	25170	1830	0	0	1991	5	2	1	0	0	11	11	0
25	25109	1716	0	0	1991	4	2	1	0	0	10	10	0
25	25250	2009	1	0	1990	11	4	3	0	1	12	13	0
25	25284	2096	1	0	1991	1	1	3	0	2	13	13	0
25	25100	1702	1	0	1991	3	1	1	0	2	11	11	1
25	25144	1780	1	0	1991	4	2	7	0	1	12	11	3
25	25253	2017	1	0	1991	7	3	5	0	1	11	11	1
25	25161	1812	0	0	1991	4	2	7	0	0	9	10	2
25	25089	1684	1	0	1991	2	1	1	0	2	14	11	1
25	25085	1677	0	0	1991	7	3	2	0	0	8	8	2
25	25254	2020	0	0	1991	11	4	6	0	0	7	10	0
25	25275	2073	1	0	1991	9	3	5	0	1	15	11	0
25	25257	2026	0	0	1991	7	3	5	0	0	12	10	0
25	25171	1834	1	0	1991	9	3	7	0	1	12	11	0
25	25175	1843	1	0	1991	3	1	6	0	4	12	13	0
25	25250	2010	0	0	1991	4	2	4	0	0	9	10	2
25	25270	2060	0	0	1991	8	3	5	0	0	15	10	0
25	25084	1675	0	0	1991	2	1	1	0	0	7	9	1
25	25067	1633	1	0	1991	4	2	2	0	1	9	11	1
25	25258	2027	0	0	1991	2	1	3	0	0	11	11	1
25	25234	1968	1	0	1991	5	2	1	0	2	8	10	0
25	25162	1814	1	0	1990	11	4	6	0	2	13	11	1
25	25204	1904	1	0	1990	11	4	5	0	2	14	10	0
25	25050	1590	0	0	1990	10	4	1	0	0	11	10	0
25	25271	2061	0	0	1991	2	1	4	0	0	9	10	0
25	25173	1839	0	0	1991	8	3	7	0	0	8	10	0
25	25310	2160	0	0	1991	7	3	4	0	0	14	10	1
25	25316	2174	0	0	1991	8	3	4	0	0	8	9	1
25	25133	1756	0	0	1991	3	1	7	0	0	10	11	0
25	25112	1721	1	0	1991	4	2	1	0	2	11	11	0
25	25112	1722	0	0	1991	9	3	2	0	0	7	10	2
25	25264	2040	1	0	1990	10	4	3	0	2	13	11	0
25	25110	1718	1	0	1991	4	2	1	0	1	9	10	0
25	25284	2097	0	0	1991	6	2	4	0	0	15	10	1
25	25097	1697	1	0	1991	3	1	1	0	2	11	11	0
25	25204	1905	1	0	1991	4	2	6	0	2	10	9	0
25	25339	2231	0	0	1991	6	2	3	0	0	12	11	0
25	25259	2030	1	0	1991	4	2	4	0	1	13	11	0
25	25339	2230	0	0	1991	1	1	2	0	0	9	8	0
25	25132	1753	1	0	1990	11	4	6	0	1	12	12	0
25	25275	2072	1	0	1991	4	2	4	0	1	14	12	1
25	25326	2201	0	0	1991	9	3	4	0	0	11	10	0
25	25150	1792	1	0	1990	10	4	6	0	4	13	13	3
25	25211	1917	1	0	1991	1	1	5	0	1	11	10	0
25	25251	2012	1	0	1991	3	1	4	0	1	10	11	0
25	25255	2022	1	0	1991	4	2	4	0	1	14	12	0
25	25210	1916	0	0	1991	10	4	2	0	0	7	10	0
25	25092	1688	0	0	1991	1	1	1	0	0	9	10	0
25	25198	1890	0	0	1991	6	2	6	0	0	6	10	0
25	25347	2246	0	0	1991	7	3	1	0	0	10	9	0
25	25159	1807	1	0	1990	10	4	6	0	3	10	11	0
25	25148	1789	0	0	1991	10	4	8	0	0	11	10	1
25	25165	1822	0	0	1991	5	2	7	0	0	12	11	1
25	25169	1829	0	0	1991	7	3	7	0	0	10	10	2
25	25139	1769	1	0	1990	12	4	7	0	1	13	12	0
25	25060	1614	1	0	1991	10	4	8	0	2	9	12	0
25	25133	1755	0	0	1990	10	4	6	0	0	13	11	0
25	25275	2071	0	0	1990	11	4	3	0	0	13	12	0
25	25230	1958	0	0	1991	10	4	6	0	0	14	10	3
25	25315	2170	0	0	1990	10	4	6	0	0	13	10	0
25	25130	1748	0	0	1990	10	4	7	0	0	10	11	0
25	25036	1566	1	0	1991	10	4	1	0	2	9	10	0
25	25150	1793	0	0	1991	3	1	7	0	0	7	9	3
25	25032	1561	0	0	1991	4	2	2	0	0	10	10	0
25	25062	1620	1	0	1991	11	4	7	0	1	10	9	1
25	25258	2028	1	0	1991	7	3	4	0	7	12	13	0
25	25338	2228	1	0	1991	6	2	3	0	1	16	13	1
25	25218	1930	1	0	1991	2	1	5	0	1	8	10	0
25	25155	1800	0	0	1990	11	4	6	0	0	11	11	0
25	25312	2163	1	0	1990	10	4	2	0	3	8	11	1
25	25318	2180	0	0	1991	8	3	4	0	0	12	12	2
25	25171	1833	0	0	1991	4	2	6	0	0	13	11	0
25	25048	1585	1	0	1991	4	2	2	0	2	14	11	0
25	25285	2101	1	0	1991	10	4	5	0	1	16	11	0
25	25317	2177	0	0	1991	7	3	4	0	0	13	12	1
25	25261	2036	1	0	1991	10	4	2	0	1	10	12	0
25	25135	1761	0	0	1991	4	2	1	0	0	11	9	0
25	25197	1887	0	0	1990	10	4	4	0	0	15	10	1
25	25038	1568	1	0	1991	10	4	1	0	2	12	10	0
25	25080	1665	0	0	1991	2	1	2	0	0	14	10	1
25	25133	1757	1	0	1991	8	3	8	0	2	12	9	0
25	25206	1909	0	0	1991	7	3	6	0	0	9	9	0
25	25235	1972	1	0	1991	10	4	6	0	1	11	10	0
25	25211	1919	1	0	1991	10	4	7	0	2	10	8	0
25	25153	1797	1	0	1991	3	1	7	0	2	12	12	0
25	25294	2124	0	0	1991	6	2	4	0	0	14	11	0
25	25287	2106	1	0	1991	5	2	4	0	2	15	12	1
25	25121	1736	1	0	1990	10	4	7	0	2	8	10	1
25	25117	1730	1	0	1991	5	2	8	0	4	14	12	0
25	25230	1956	0	0	1990	12	4	4	0	0	13	12	4
25	25213	1923	0	0	1991	7	3	6	0	0	10	10	0
25	25313	2165	1	0	1990	10	4	2	0	1	10	9	0
25	25148	1787	1	0	1990	12	4	6	0	1	17	10	0
25	25337	2225	0	0	1990	12	4	2	0	0	6	11	0
25	25324	2195	1	0	1990	12	4	2	0	1	14	11	0
25	25174	1841	0	0	1991	6	2	7	0	0	5	11	0
25	25123	1739	0	0	1991	4	2	1	0	0	13	10	0
25	25249	2008	1	0	1991	10	4	5	0	1	10	10	0
25	25296	2128	0	0	1990	12	4	2	0	0	5	12	1
25	25329	2205	1	0	1991	5	2	3	0	2	14	12	0
25	25043	1575	0	0	1991	11	4	1	0	0	10	9	0
25	25220	1934	1	0	1991	2	1	5	0	3	10	12	1
25	25299	2136	0	0	1991	1	1	3	0	0	15	12	0
25	25181	1855	1	0	1991	4	2	6	0	1	7	10	0
25	25081	1668	0	0	1991	6	2	2	0	0	12	12	3
25	25158	1805	1	0	1991	4	2	1	0	1	10	10	0
25	25306	2152	0	0	1991	7	3	4	0	0	5	5	0
25	25337	2226	1	0	1991	5	2	3	0	1	5	9	1
25	25312	2164	0	0	1991	3	1	3	0	0	2	5	0
25	25143	1778	1	0	1991	11	4	9	0	2	11	10	1
25	25029	1557	0	0	1991	9	3	1	0	0	7	8	0
25	25154	1799	1	0	1991	2	1	7	0	7	17	12	1
25	25116	1727	1	0	1991	1	1	8	0	1	12	11	1
25	25155	1801	1	0	1991	5	2	7	0	1	5	10	0
25	25138	1768	0	0	1991	6	2	8	0	0	11	11	1
25	25094	1692	0	0	1991	3	1	1	0	0	6	9	1
25	25321	2187	1	0	1990	10	4	2	0	2	13	12	0
25	25277	2078	1	0	1991	4	2	4	0	2	11	12	0
25	25049	1589	0	0	1991	8	3	3	0	0	11	11	1
25	25171	1832	0	0	1990	11	4	5	0	0	7	10	1
25	25295	2127	1	0	1991	11	4	5	0	1	15	12	0
25	25288	2110	1	0	1991	8	3	4	0	1	15	12	1
25	25243	1992	0	0	1991	11	4	6	0	0	7	10	0
25	25092	1689	0	0	1991	7	3	2	0	0	6	8	0
25	25209	1914	1	0	1991	3	1	5	0	2	12	9	1
25	25196	1885	0	0	1991	1	1	5	0	0	9	9	0
25	25229	1953	0	0	1990	11	4	4	0	0	12	11	0
25	25075	1651	1	0	1991	1	1	1	0	1	9	10	1
25	25052	1596	0	0	1991	2	1	2	0	0	12	11	0
25	25232	1964	0	0	1991	9	3	6	0	0	10	9	1
25	25311	2161	1	0	1991	6	2	1	0	1	6	9	1
25	25202	1899	1	0	1990	10	4	1	0	1	13	11	0
25	25066	1630	0	0	1991	4	2	2	0	0	15	11	1
25	25319	2183	0	0	1991	8	3	4	0	0	14	11	0
25	25194	1881	1	0	1991	4	2	6	0	2	9	11	1
25	25082	1671	0	0	1991	6	2	2	0	0	15	10	2
25	25146	1784	0	0	1991	1	1	7	0	0	7	9	2
25	25325	2196	1	0	1990	11	4	2	0	2	14	12	0
25	25079	1664	0	0	1991	11	4	3	0	0	13	11	0
25	25054	1602	1	0	1991	4	2	2	0	2	14	10	1
25	25087	1681	0	0	1991	7	3	2	0	0	5	9	0
25	25225	1945	1	0	1991	3	1	5	0	3	15	9	3
25	25117	1729	0	0	1990	12	4	7	0	0	13	11	4
25	25032	1562	0	0	1991	8	3	3	0	0	10	10	0
25	25083	1673	1	0	1991	3	1	1	0	1	12	11	0
25	25178	1849	0	0	1991	9	3	2	0	0	5	8	2
25	25287	2105	0	0	1990	12	4	3	0	0	12	12	0
25	25179	1850	1	0	1991	1	1	6	0	1	10	12	1
25	25149	1791	1	0	1991	4	2	7	0	1	7	11	0
25	25172	1835	0	0	1991	1	1	6	0	0	9	11	0
25	25129	1746	1	0	1990	10	4	7	0	6	17	13	0
25	25212	1920	1	0	1991	2	1	5	0	2	13	12	0
25	25118	1731	0	0	1991	1	1	8	0	0	14	10	0
25	25236	1974	0	0	1991	7	3	5	0	0	9	10	2
25	25326	2199	0	0	1990	11	4	2	0	0	13	10	1
25	25232	1963	0	0	1991	5	2	5	0	0	15	10	0
25	25120	1734	1	0	1991	4	2	1	0	1	12	11	0
25	25104	1708	0	0	1991	3	1	2	0	0	4	9	0
25	25061	1616	0	0	1991	6	2	7	0	0	10	10	0
25	25320	2184	1	0	1990	11	4	2	0	1	10	9	0
25	25261	2035	1	0	1991	5	2	1	0	5	11	9	0
25	25167	1825	1	0	1991	5	2	5	0	1	11	10	0
25	25156	1803	1	0	1991	8	3	8	0	2	12	11	1
25	25093	1690	0	0	1991	3	1	1	0	0	10	10	0
25	25273	2066	1	0	1991	4	2	4	0	1	14	12	0
25	25299	2138	0	0	1991	11	4	5	0	0	10	10	1
25	25187	1865	1	0	1990	10	4	5	0	3	10	12	1
25	25082	1670	0	0	1991	1	1	1	0	0	12	9	0
25	25056	1607	1	0	1990	11	4	1	0	1	8	9	0
25	25026	1554	0	0	1991	9	3	1	0	0	6	8	0
25	25308	2156	1	0	1991	8	3	4	0	1	8	12	0
25	25189	1869	1	0	1991	2	1	6	0	1	14	12	1
25	25205	1906	1	0	1991	2	1	5	0	1	14	12	0
25	25114	1724	1	0	1990	12	4	8	0	3	14	12	2
25	25095	1695	0	0	1991	8	3	2	0	0	12	11	0
25	25294	2123	1	0	1991	1	1	3	0	2	10	12	2
25	25239	1979	0	0	1990	12	4	4	0	0	7	9	5
25	25286	2103	1	0	1991	5	2	4	0	1	14	12	3
25	25032	1560	0	0	1990	10	4	1	0	0	5	10	1
25	25002	1525	1	0	1991	2	1	2	0	1	12	11	0
25	25333	2215	0	0	1991	5	2	3	0	0	11	10	1
25	25240	1983	1	0	1991	11	4	6	0	2	16	11	0
25	25323	2192	1	0	1990	12	4	2	0	1	12	12	0
25	25325	2198	0	0	1991	9	3	4	0	0	12	12	1
25	25235	1970	0	0	1990	12	4	4	0	0	10	9	0
25	25298	2134	0	0	1991	3	1	3	0	0	10	11	0
25	25174	1840	1	0	1991	1	1	6	0	1	13	11	0
25	25081	1667	1	0	1991	1	1	1	0	1	9	9	0
25	25076	1655	1	0	1991	11	4	3	0	1	12	11	0
25	25086	1678	1	0	1991	2	1	1	0	3	10	10	1
25	25049	1587	1	0	1990	10	4	1	0	1	10	12	1
25	25162	1815	1	0	1991	4	2	7	0	2	14	10	3
25	25217	1929	0	0	1991	10	4	2	0	0	11	10	0
25	25267	2050	1	0	1991	3	1	4	0	1	11	11	0
25	25281	2089	0	0	1991	5	2	4	0	0	11	11	0
25	25268	2053	1	0	1991	3	1	4	0	1	11	12	0
25	25180	1853	1	0	1991	9	3	7	0	3	12	13	0
25	25299	2137	1	0	1991	6	2	4	0	1	14	11	0
25	25279	2083	1	0	1991	1	1	3	0	2	9	12	1
25	25249	2006	0	0	1990	10	4	3	0	0	8	11	3
25	25285	2100	0	0	1991	5	2	4	0	0	11	11	3
25	25142	1775	1	0	1990	12	4	7	0	2	17	10	0
25	25040	1570	1	0	1990	10	4	1	0	1	6	9	0
25	25090	1686	1	0	1991	2	1	1	0	3	11	11	0
25	25051	1593	0	0	1990	12	4	6	0	0	12	10	0
25	25322	2191	0	0	1991	11	4	2	0	0	6	10	0
25	25048	1584	0	0	1990	10	4	1	0	0	10	9	0
25	25108	1715	1	0	1990	11	4	9	0	2	14	12	0
25	25147	1785	0	0	1991	4	2	1	0	0	11	11	0
25	25081	1669	1	0	1991	11	4	3	0	1	9	11	1
25	25049	1588	1	0	1991	3	1	2	0	2	15	12	0
25	25024	1552	1	0	1991	9	3	1	0	2	11	11	0
25	25031	1559	0	0	1991	9	3	1	0	0	8	8	0
25	25247	2001	0	0	1991	2	1	4	0	0	10	9	0
25	25132	1754	1	0	1991	4	2	7	0	3	17	12	2
25	25331	2210	1	0	1991	10	4	2	0	1	12	12	0
25	25298	2133	0	0	1990	10	4	2	0	0	13	11	0
25	25245	1997	1	0	1991	10	4	6	0	3	7	13	0
25	25058	1609	0	0	1990	12	4	6	0	0	10	10	1
25	25076	1654	0	0	1991	6	2	2	0	0	15	11	0
25	25281	2088	0	0	1990	12	4	3	0	0	14	12	0
25	25278	2082	0	0	1991	9	3	5	0	0	10	10	0
25	25181	1854	1	0	1990	11	4	5	0	2	13	10	2
25	25086	1679	1	0	1991	7	3	2	0	1	11	11	1
25	25332	2211	0	0	1990	12	4	2	0	0	6	11	0
25	25207	1910	1	0	1990	11	4	5	0	1	12	12	0
25	25274	2069	0	0	1991	3	1	4	0	0	12	10	0
25	25315	2171	1	0	1991	3	1	7	0	2	15	14	0
25	25206	1908	1	0	1991	2	1	5	0	1	13	12	0
25	25313	2167	1	0	1991	8	3	4	0	1	13	11	1
25	25168	1826	0	0	1991	1	1	6	0	0	9	10	2
25	25115	1726	1	0	1991	10	4	2	0	2	14	11	0
25	25295	2125	0	0	1991	1	1	3	0	0	15	11	0
25	25098	1699	1	0	1991	3	1	1	0	1	9	10	2
25	25339	2232	0	0	1991	11	4	4	0	0	10	10	1
25	25250	2011	0	0	1991	9	3	5	0	0	7	9	2
25	25194	1882	0	0	1991	9	3	7	0	0	3	11	1
25	25289	2111	1	0	1991	1	1	3	0	2	11	12	0
25	25295	2126	0	0	1991	6	2	4	0	0	12	11	0
25	25278	2081	0	0	1991	4	2	4	0	0	7	11	0
25	25332	2212	0	0	1991	5	2	3	0	0	14	12	0
25	25255	2021	1	0	1990	11	4	3	0	2	14	14	0
25	25051	1594	1	0	1991	5	2	7	0	1	11	11	1
25	25242	1987	1	0	1990	12	4	4	0	1	12	12	0
25	25221	1936	1	0	1991	3	1	5	0	1	9	9	0
25	25040	1571	1	0	1991	3	1	2	0	2	13	13	2
25	25061	1617	1	0	1991	10	4	8	0	1	11	11	0
25	25046	1579	0	0	1991	3	1	2	0	0	9	9	0
25	25130	1749	1	0	1991	4	2	8	0	2	13	13	0
25	25291	2118	0	0	1991	5	2	2	0	0	9	11	0
25	25236	1973	0	0	1991	2	1	4	0	0	13	11	2
25	25130	1750	0	0	1991	9	3	9	0	0	10	9	2
25	25242	1989	1	0	1991	11	4	6	0	6	13	14	0
25	25135	1762	0	0	1991	9	3	2	0	0	13	11	1
25	25297	2131	1	0	1991	1	1	3	0	1	11	11	0
25	25329	2204	0	0	1990	12	4	2	0	0	15	11	0
25	25022	1549	1	0	1991	4	2	2	0	1	10	12	0
25	25216	1927	1	0	1991	7	3	6	0	1	15	10	0
25	25318	2179	1	0	1991	3	1	3	0	2	14	11	0
25	25343	2240	0	0	1991	6	2	1	0	0	8	10	0
25	25160	1808	1	0	1990	10	4	6	0	2	16	12	1
25	25107	1714	0	0	1991	8	3	2	0	0	9	11	1
25	25306	2151	1	0	1991	2	1	3	0	3	11	13	1
25	25262	2039	1	0	1991	8	3	5	0	2	12	12	0
25	25048	1586	1	0	1991	9	3	3	0	1	15	8	0
25	25100	1703	0	0	1991	8	3	2	0	0	11	11	1
25	25145	1782	1	0	1991	6	2	7	0	1	14	11	4
25	25282	2091	1	0	1991	5	2	1	0	1	7	9	0
25	25015	1541	1	0	1991	8	3	1	0	1	11	11	0
25	25211	1918	1	0	1991	5	2	6	0	1	12	11	0
25	25262	2038	1	0	1991	3	1	4	0	1	15	13	0
25	25025	1553	1	0	1991	9	3	1	0	1	8	10	0
25	25050	1591	0	0	1991	4	2	2	0	0	5	9	1
25	25097	1698	1	0	1991	7	3	2	0	1	10	11	1
25	25334	2217	0	0	1990	12	4	2	0	0	11	12	0
25	25340	2235	0	0	1991	11	4	4	0	0	12	11	0
25	25109	1717	0	0	1991	8	3	2	0	0	7	10	3
25	25001	1523	0	0	1991	11	4	4	0	0	11	11	1
25	25143	1776	1	0	1991	1	1	7	0	2	15	13	0
25	25028	1556	1	0	1991	9	3	1	0	2	13	11	0
25	25224	1943	1	0	1991	8	3	6	0	1	14	12	0
25	25243	1990	1	0	1991	1	1	4	0	1	14	12	0
25	25265	2044	1	0	1991	3	1	4	0	1	11	11	0
25	25137	1764	1	0	1990	12	4	7	0	3	13	12	1
25	25224	1941	0	0	1990	10	4	4	0	0	11	11	0
25	25256	2024	1	0	1991	7	3	5	0	1	4	6	0
25	25203	1903	1	0	1991	11	4	2	0	4	13	12	0
25	25193	1878	0	0	1991	5	2	1	0	0	9	9	0
25	25045	1577	1	0	1991	11	4	1	0	2	12	11	2
25	25020	1546	1	0	1991	8	3	1	0	1	9	10	1
25	25160	1810	1	0	1991	8	3	8	0	2	14	12	0
25	25187	1866	0	0	1991	4	2	6	0	0	2	10	1
25	25189	1870	1	0	1991	7	3	7	0	3	13	12	0
25	25310	2159	0	0	1991	2	1	3	0	0	12	7	0
25	25214	1924	1	0	1991	1	1	5	0	1	13	9	0
25	25313	2166	1	0	1991	3	1	3	0	2	11	11	1
25	25292	2120	0	0	1991	5	2	1	0	0	11	11	0
25	25069	1639	1	0	1991	3	1	2	0	1	15	14	1
25	25151	1795	1	0	1991	9	3	2	0	2	14	10	1
25	25005	1529	1	0	1991	10	4	1	0	1	11	11	0
25	25051	1595	0	0	1991	10	4	8	0	0	8	7	0
25	25177	1847	0	0	1991	7	3	7	0	0	10	10	0
25	25151	1794	0	0	1991	4	2	1	0	0	11	11	0
25	25139	1770	0	0	1991	5	2	8	0	0	8	9	2
25	25053	1598	1	0	1990	10	4	1	0	1	10	11	2
25	25288	2108	1	0	1990	10	4	2	0	1	12	11	0
25	25340	2234	0	0	1991	6	2	3	0	0	11	10	2
25	25160	1809	1	0	1991	3	1	7	0	1	14	12	1
25	25213	1922	1	0	1991	2	1	5	0	3	13	10	0
25	25060	1613	1	0	1991	6	2	7	0	1	11	11	0
25	25321	2189	1	0	1991	8	3	4	0	3	16	10	0
25	25254	2018	1	0	1991	1	1	4	1	3	14	13	0
25	25200	1894	0	0	1990	12	4	5	1	0	14	12	1
25	25068	1636	1	0	1991	4	2	2	1	1	6	10	0
25	25152	1796	0	0	1991	1	1	7	1	0	12	7	3
25	25271	2062	1	0	1991	7	3	5	1	1	12	9	2
25	25268	2052	1	0	1990	10	4	3	1	1	10	12	0
25	25147	1786	0	0	1991	9	3	2	1	0	13	10	1
25	25254	2019	1	0	1991	6	2	5	1	3	14	12	0
25	25336	2224	1	0	1991	10	4	4	1	2	14	13	1
25	25021	1547	0	0	1991	8	3	1	1	0	9	10	1
25	25149	1790	0	0	1990	11	4	6	1	0	11	9	0
25	25256	2023	1	0	1991	2	1	4	1	2	12	12	0
25	25333	2214	1	0	1990	12	4	2	1	1	10	12	0
25	25291	2119	0	0	1991	10	4	3	1	0	12	11	0
25	25268	2054	1	0	1991	8	3	5	1	4	15	15	0
25	25269	2055	1	0	1990	11	4	2	1	1	12	11	0
25	25054	1603	1	0	1991	8	3	3	1	1	16	10	0
25	25329	2206	0	0	1991	10	4	4	1	0	13	10	0
25	25158	1806	1	0	1991	9	3	2	1	2	11	11	0
25	25249	2007	1	0	1991	2	1	4	1	2	13	10	2
25	25248	2005	1	0	1991	9	3	5	1	7	8	14	0
25	25345	2244	0	0	1991	6	2	1	1	0	7	10	0
25	25140	1771	1	0	1991	4	2	1	1	2	12	11	1
25	25053	1600	1	0	1991	8	3	3	1	1	10	11	0
25	25297	2132	0	0	1991	7	3	4	1	0	10	11	1
25	25169	1828	1	0	1991	2	1	6	1	1	10	10	0
25	25325	2197	1	0	1991	4	2	3	1	2	15	8	0
25	25060	1612	1	0	1991	1	1	6	1	2	11	11	0
25	25066	1631	0	0	1991	9	3	3	1	0	17	10	0
25	25276	2075	1	0	1991	4	2	4	1	1	13	12	1
25	25069	1640	0	0	1991	8	3	3	1	0	11	11	3
25	25088	1682	0	0	1991	2	1	1	1	0	5	8	0
25	25013	1537	1	0	1990	10	4	1	1	1	12	11	0
25	25190	1872	1	0	1991	4	2	6	1	4	11	13	1
25	25229	1954	1	0	1991	4	2	5	1	2	11	13	4
25	25233	1965	0	0	1990	12	4	4	1	0	8	10	2
25	25311	2162	0	0	1991	10	4	2	1	0	13	11	1
25	25231	1960	1	0	1991	5	2	5	1	3	14	12	2
25	25305	2150	1	0	1991	7	3	4	1	2	12	12	1
25	25260	2034	1	0	1991	8	3	5	1	1	10	10	0
25	25269	2057	0	0	1991	9	3	4	1	0	15	11	0
25	25296	2130	0	0	1991	10	4	4	1	0	9	9	3
25	25227	1948	0	0	1990	12	4	4	1	0	12	11	1
25	25188	1868	0	0	1991	10	4	2	1	0	9	11	0
25	25328	2203	0	0	1990	11	4	2	1	0	5	9	0
25	25202	1901	1	0	1991	7	3	3	1	1	15	13	0
25	25259	2031	1	0	1991	9	3	5	1	1	13	11	0
25	25027	1555	1	0	1991	9	3	1	1	1	14	10	2
25	25034	1564	0	0	1991	10	4	1	1	0	8	9	0
25	25089	1685	1	0	1991	7	3	2	1	3	13	9	1
25	25273	2065	1	0	1990	11	4	3	1	1	9	10	0
25	25323	2193	1	0	1991	5	2	3	1	1	14	11	0
25	25077	1657	1	0	1991	6	2	2	1	1	12	11	0
25	25245	1996	1	0	1991	6	2	5	1	2	13	13	0
25	25046	1578	1	0	1990	10	4	1	1	2	7	10	0
25	25240	1981	0	0	1990	12	4	4	1	0	12	11	2
25	25205	1907	1	0	1991	7	3	6	1	1	11	11	2
25	25161	1813	1	0	1991	9	3	8	1	3	17	13	3
25	25164	1819	1	0	1991	4	2	1	1	2	10	12	0
25	25346	2245	1	0	1991	6	2	1	1	1	7	10	0
25	25248	2004	0	0	1991	4	2	4	1	0	8	10	0
25	25227	1950	0	0	1991	9	3	6	1	0	12	11	0
25	25273	2067	1	0	1991	9	3	5	1	4	12	14	0
25	25280	2086	1	0	1991	4	2	4	1	1	13	12	2
25	25067	1632	1	0	1990	11	4	1	1	1	12	12	0
25	25283	2094	1	0	1991	6	2	4	1	5	16	15	3
25	25241	1985	1	0	1991	5	2	5	1	1	14	11	0
25	25131	1751	0	0	1990	10	4	7	1	0	11	11	2
25	25267	2051	1	0	1991	8	3	5	1	1	12	11	0
25	25231	1959	0	0	1990	12	4	4	1	0	13	12	0
25	25040	1572	0	0	1991	8	3	3	1	0	13	11	0
25	25302	2143	0	0	1991	5	2	1	1	0	14	10	2
25	25175	1842	0	0	1990	10	4	5	1	0	13	11	1
25	25320	2185	1	0	1991	4	2	3	1	1	5	12	0
25	25186	1864	1	0	1991	6	2	7	1	5	17	17	0
25	25082	1672	0	0	1991	12	4	3	1	0	0	10	0
25	25238	1978	0	0	1991	10	4	6	1	0	7	9	0
25	25227	1949	0	0	1991	5	2	5	1	0	13	11	1
25	25336	2223	1	0	1991	5	2	3	1	3	12	12	0
25	25163	1816	1	0	1990	12	4	6	1	3	15	14	2
25	25244	1993	1	0	1991	5	2	1	1	4	12	9	1
25	25105	1711	1	0	1991	8	3	2	1	2	15	12	1
25	25063	1623	1	0	1991	9	3	3	1	1	13	12	0
25	25055	1605	0	0	1991	4	2	2	1	0	9	11	0
25	25126	1743	0	0	1990	10	4	7	1	0	15	10	0
25	25088	1683	0	0	1991	7	3	2	1	0	11	11	1
25	25289	2112	0	0	1991	5	2	4	1	0	13	12	0
25	25019	1545	1	0	1991	8	3	1	1	7	18	16	1
25	25289	2113	1	0	1991	10	4	5	1	1	12	10	2
25	25210	1915	1	0	1991	5	2	1	1	2	8	11	1
25	25341	2237	1	0	1991	11	4	2	1	2	14	10	1
25	25173	1838	1	0	1991	3	1	6	1	1	11	12	0
25	25277	2079	1	0	1991	10	4	5	1	1	15	11	0
25	25302	2144	1	0	1991	10	4	2	1	1	13	11	0
25	25018	1544	1	0	1991	8	3	1	1	1	8	11	0
25	25128	1745	1	0	1990	10	4	7	1	3	2	10	10
25	25243	1991	0	0	1991	6	2	5	1	0	10	10	0
25	25166	1824	1	0	1990	11	4	5	1	1	10	12	1
25	25266	2048	1	0	1991	9	3	5	1	2	9	12	1
25	25101	1704	0	0	1991	4	2	1	1	0	9	11	0
25	25296	2129	0	0	1991	5	2	3	1	0	13	10	0
25	25064	1624	1	0	1990	11	4	1	1	2	3	12	0
25	25231	1961	1	0	1991	10	4	6	1	1	12	11	2
25	25262	2037	1	0	1990	10	4	3	1	1	13	11	1
25	25341	2236	1	0	1991	6	2	1	1	1	12	12	0
25	25223	1939	0	0	1991	2	1	4	1	0	11	11	1
25	25300	2139	1	0	1991	1	1	3	1	4	16	15	0
25	25173	1837	0	0	1990	10	4	5	1	0	11	10	0
25	25272	2063	1	0	1991	5	2	1	1	1	8	9	0
25	25228	1952	1	0	1991	5	2	5	1	1	9	10	1
25	25235	1971	0	0	1991	5	2	5	1	0	9	9	0
25	25011	1535	0	0	1991	7	3	1	1	0	8	9	2
25	25064	1626	0	0	1991	9	3	3	1	0	7	10	4
25	25183	1858	1	0	1991	6	2	7	1	1	12	12	0
25	25199	1892	1	0	1991	2	1	5	1	1	11	11	1
25	25340	2233	1	0	1991	1	1	2	1	1	12	11	2
25	25059	1611	0	0	1990	11	4	1	1	0	10	11	1
25	25251	2013	1	0	1991	8	3	5	1	1	10	10	1
25	25124	1741	1	0	1991	2	1	8	1	3	5	12	0
25	25184	1859	0	0	1991	2	1	6	1	0	11	10	0
25	25307	2153	1	0	1990	11	4	2	1	1	10	11	1
25	25201	1898	1	0	1991	3	1	5	1	2	12	10	0
25	25013	1538	1	0	1991	4	2	2	1	1	6	10	0
25	25338	2227	1	0	1991	1	1	2	1	2	12	13	0
25	25225	1944	1	0	1990	10	4	4	1	6	16	15	0
25	25125	1742	1	0	1990	11	4	7	1	6	11	14	0
25	25044	1576	0	0	1991	11	4	1	1	0	5	10	1
25	25279	2084	1	0	1991	7	3	4	1	2	8	10	1
25	25197	1888	1	0	1991	3	1	5	1	2	9	11	1
25	25191	1875	1	0	1991	3	1	6	1	2	10	11	2
25	25286	2102	0	0	1990	12	4	3	1	0	10	10	4
25	25264	2042	0	0	1991	8	3	5	1	0	8	10	1
25	25123	1740	0	0	1991	9	3	2	1	0	10	10	0
25	25247	2002	0	0	1991	7	3	5	1	0	10	10	1
25	25343	2241	1	0	1991	11	4	2	1	1	4	8	0
25	25078	1660	1	0	1991	6	2	2	1	1	10	12	1
25	25269	2056	0	0	1991	4	2	3	1	0	9	10	0
25	25156	1802	1	0	1991	2	1	7	1	4	12	13	3
25	25140	1772	1	0	1991	9	3	2	1	1	14	9	2
25	25009	1533	1	0	1991	7	3	1	1	1	12	12	0
25	25314	2168	1	0	1990	12	4	2	1	2	13	12	0
25	25104	1709	1	0	1991	8	3	3	1	1	14	11	0
25	25195	1883	1	0	1990	12	4	5	1	4	18	13	0
25	25244	1994	1	0	1991	10	4	2	1	2	10	11	0
25	25180	1852	1	0	1991	2	1	6	1	2	8	9	0
25	25165	1821	1	0	1990	12	4	6	1	1	18	12	0
25	25246	2000	0	0	1991	11	4	6	1	0	13	10	3
25	25222	1938	1	0	1991	5	2	5	1	1	13	11	0
25	25305	2149	1	0	1991	2	1	3	1	1	7	10	3
25	25137	1765	1	0	1991	5	2	8	1	3	12	11	0
25	25208	1913	1	0	1991	7	3	6	1	4	10	12	0
25	25068	1635	0	0	1990	11	4	1	1	0	10	11	1
25	25260	2033	1	0	1991	3	1	4	1	2	11	11	0
25	25332	2213	1	0	1991	10	4	4	1	1	10	10	0
25	25103	1707	0	0	1990	11	4	10	1	0	11	9	0
25	25334	2219	0	0	1991	10	4	4	1	0	10	10	0
25	25212	1921	0	0	1991	7	3	6	1	0	12	12	0
25	25300	2140	1	0	1991	6	2	4	1	1	15	10	0
25	25129	1747	1	0	1991	3	1	8	1	3	14	9	3
25	25042	1574	1	0	1991	11	4	1	1	1	14	10	0
25	25058	1610	1	0	1991	5	2	7	1	4	9	11	1
25	25095	1694	1	0	1991	3	1	1	1	1	10	8	1
25	25052	1597	1	0	1991	6	2	3	1	1	14	9	2
25	25270	2059	0	0	1991	4	2	4	1	0	13	11	0
25	25241	1986	0	0	1991	10	4	6	1	0	12	11	1
25	25241	1984	1	0	1990	12	4	4	1	3	14	15	0
25	25182	1856	0	0	1990	10	4	5	1	0	5	8	0
25	25121	1737	0	0	1991	3	1	8	1	0	8	3	3
25	25293	2122	0	0	1991	9	3	4	1	0	14	9	0
25	25185	1862	1	0	1991	3	1	6	1	5	10	11	1
25	25202	1900	0	0	1991	2	1	2	1	0	11	11	0
25	25093	1691	0	0	1991	7	3	2	1	0	10	10	0
25	25326	2200	1	0	1991	4	2	3	1	2	16	13	0
25	25233	1966	1	0	1991	4	2	5	1	1	12	11	0
25	25344	2243	1	0	1991	8	3	2	1	4	17	14	0
25	25330	2207	1	0	1990	11	4	2	1	3	14	14	0
25	25280	2085	1	0	1990	11	4	3	1	3	11	12	0
25	25190	1873	1	0	1991	8	3	7	1	3	8	12	2
25	25177	1846	1	0	1991	2	1	6	1	1	13	12	0
25	25099	1700	1	0	1991	3	1	1	1	1	11	12	0
25	25285	2099	0	0	1990	12	4	3	1	0	15	12	0
25	25102	1706	0	0	1991	8	3	2	1	0	9	9	0
25	25055	1604	0	0	1990	11	4	1	1	0	10	10	0
25	25008	1532	1	0	1991	7	3	1	1	2	11	12	1
25	25184	1860	1	0	1991	7	3	7	1	6	13	15	2
25	25050	1592	1	0	1991	8	3	3	1	1	5	10	0
25	25170	1831	0	0	1991	9	3	2	1	0	11	10	0
25	25163	1818	1	0	1991	10	4	8	1	3	11	13	1
25	25274	2068	1	0	1990	11	4	3	1	3	14	12	0
25	25208	1912	1	0	1991	2	1	5	1	3	9	12	0
25	25115	1725	1	0	1991	4	2	1	1	1	9	12	1
25	25002	1526	0	0	1991	7	3	3	1	0	12	10	0
25	25077	1658	0	0	1991	10	4	3	1	0	14	11	1
25	25055	1606	1	0	1991	8	3	3	1	1	9	8	1
25	25309	2158	0	0	1991	7	3	4	1	0	10	10	0
25	25257	2025	1	0	1991	2	1	4	1	4	17	15	0
25	25246	1999	0	0	1991	6	2	5	1	0	14	11	1
25	25076	1653	0	0	1991	1	1	1	1	0	11	11	0
25	25233	1967	1	0	1991	9	3	6	2	2	3	11	0
25	25071	1646	1	0	1991	9	3	3	2	1	11	10	2
25	25004	1528	1	0	1991	7	3	1	2	1	10	9	1
25	25203	1902	0	0	1991	5	2	1	2	0	10	11	0
25	25335	2220	1	0	1991	3	1	2	2	3	11	12	1
25	25116	1728	1	0	1991	6	2	9	2	2	7	11	1
25	25070	1642	0	0	1991	4	2	2	2	0	12	11	1
25	25287	2107	1	0	1991	10	4	5	2	2	14	13	0
25	25208	1911	1	0	1990	10	4	4	2	2	10	12	1
25	25013	1539	0	0	1991	8	3	3	2	0	8	10	0
25	25315	2172	1	0	1991	8	3	8	2	5	15	12	0
25	25067	1634	1	0	1991	9	3	3	2	1	10	10	0
25	25163	1817	1	0	1991	5	2	7	2	2	16	13	1
25	25199	1893	0	0	1991	7	3	6	2	0	11	11	0
25	25191	1876	1	0	1991	7	3	7	2	2	13	11	2
25	25014	1540	0	0	1990	12	4	6	2	0	8	10	1
25	25185	1861	0	0	1990	10	4	5	2	0	9	8	2
25	25320	2186	0	0	1991	9	3	4	2	0	3	7	0
25	25137	1766	1	0	1991	9	3	9	2	1	10	10	1
25	25111	1719	1	0	1990	10	4	8	2	3	13	15	1
25	25219	1933	1	0	1991	7	3	5	2	4	11	12	1
25	25322	2190	1	0	1991	6	2	1	2	1	10	10	0
25	25266	2047	1	0	1991	4	2	4	2	2	10	12	1
25	25307	2154	1	0	1991	4	2	3	2	2	8	11	0
25	25023	1551	1	0	1991	8	3	1	2	5	14	14	0
25	25226	1947	1	0	1991	10	4	2	2	4	14	8	0
25	25304	2147	0	0	1991	2	1	3	2	0	5	6	1
25	25333	2216	1	0	1991	10	4	4	2	2	12	12	4
25	25074	1650	1	0	1991	6	2	2	2	1	12	12	1
25	25298	2135	1	0	1991	8	3	4	2	1	11	12	2
25	25046	1580	1	0	1991	8	3	3	2	1	8	12	0
25	25304	2148	0	0	1991	7	3	4	2	0	6	9	0
25	25141	1774	1	0	1991	5	2	8	2	3	10	11	4
25	25054	1601	0	0	1990	11	4	1	2	0	11	9	0
25	25143	1777	1	0	1991	6	2	8	2	2	12	12	1
25	25321	2188	1	0	1991	3	1	3	2	1	13	7	1
25	25122	1738	1	0	1990	11	4	7	2	4	8	11	2
25	25172	1836	1	0	1991	6	2	7	2	3	13	13	0
25	25083	1674	1	0	1991	9	3	2	2	1	15	10	0
25	25220	1935	0	0	1991	7	3	6	2	0	11	10	3
25	25175	1844	0	0	1991	8	3	7	2	0	11	8	3
25	25288	2109	1	0	1991	3	1	3	2	1	16	12	0
25	25245	1995	1	0	1991	1	1	4	2	1	7	11	0
25	25252	2014	0	0	1991	5	2	1	2	0	8	9	1
25	25072	1647	1	0	1990	12	4	1	2	1	9	11	1
25	25186	1863	1	0	1991	1	1	6	2	5	13	15	2
25	25318	2178	0	0	1990	10	4	2	2	0	13	12	0
25	25047	1582	1	0	1991	3	1	2	2	1	12	12	0
25	25057	1608	1	0	1990	11	4	6	2	3	10	9	0
25	25118	1732	0	0	1991	6	2	9	2	0	15	11	1
25	25068	1637	0	0	1991	9	3	3	2	0	11	10	1
25	25330	2208	0	0	1991	4	2	3	2	0	7	7	0
25	25119	1733	1	0	1991	1	1	7	2	3	13	13	0
25	25070	1643	0	0	1991	9	3	3	2	0	14	9	2
25	25070	1641	0	0	1990	11	4	1	2	0	11	9	1
25	25246	1998	1	0	1991	1	1	4	2	1	16	11	1
25	25107	1713	0	0	1991	3	1	1	2	0	10	10	0
25	25016	1542	1	0	1991	8	3	1	2	1	5	10	1
25	25003	1527	1	0	1991	7	3	1	2	5	10	11	2
25	25252	2015	0	0	1991	10	4	2	2	0	10	11	0
25	25064	1625	1	0	1991	4	2	2	2	3	14	10	0
25	25229	1955	1	0	1991	8	3	6	2	1	14	12	2
25	25188	1867	1	0	1991	5	2	1	2	2	11	13	0
25	25342	2238	0	0	1991	1	1	2	2	0	10	10	0
25	25301	2142	1	0	1991	6	2	4	2	1	10	10	0
25	25223	1940	1	0	1991	7	3	5	2	1	12	12	1
25	25063	1622	1	0	1991	4	2	2	2	4	12	13	1
25	25226	1946	0	0	1991	5	2	1	2	0	9	7	3
25	25276	2074	1	0	1990	11	4	3	2	1	15	13	2
25	25006	1530	1	0	1991	8	3	1	2	1	12	10	0
25	25282	2092	1	0	1991	10	4	2	2	1	10	10	0
25	25267	2049	1	0	1990	10	4	3	2	1	13	12	0
25	25017	1543	1	0	1991	8	3	1	2	1	10	9	5
25	25131	1752	0	0	1991	3	1	8	2	0	11	12	0
25	25317	2175	0	0	1990	10	4	2	2	0	1	10	0
25	25071	1645	0	0	1991	4	2	2	2	0	11	11	0
25	25012	1536	0	0	1991	7	3	1	3	0	1	10	2
25	25127	1744	1	0	1991	2	1	8	3	6	14	14	1
25	25153	1798	1	0	1991	7	3	8	3	2	11	13	0
25	25266	2046	1	0	1990	11	4	3	3	4	12	13	1
25	25066	1629	0	0	1990	11	4	1	3	0	14	11	0
25	25190	1871	0	0	1990	11	4	5	3	0	12	10	1
25	25201	1897	1	0	1990	10	4	4	3	1	10	9	1
25	25099	1701	1	0	1991	8	3	2	3	2	16	9	1
25	25134	1760	1	0	1991	8	3	3	3	2	11	10	0
25	25192	1877	1	0	1990	11	4	5	3	1	12	12	2
25	25120	1735	1	0	1991	9	3	2	3	1	16	10	0
25	25144	1779	0	0	1990	11	4	6	3	0	13	12	0
25	25063	1621	0	0	1990	11	4	1	3	0	12	11	1
25	25195	1884	1	0	1991	5	2	6	3	3	16	11	1
25	25077	1656	0	0	1991	1	1	1	3	0	7	9	0
25	25136	1763	1	0	1990	12	4	7	3	3	9	13	3
25	25047	1581	0	0	1990	10	4	1	3	0	10	9	0
25	25080	1666	0	0	1991	6	2	3	4	0	11	11	1
25	25071	1644	0	0	1990	11	4	1	4	0	3	8	0
25	25134	1758	0	0	1990	11	4	1	4	0	11	11	0
25	25179	1851	1	0	1991	6	2	7	4	1	5	5	5
25	25073	1648	0	0	1990	12	4	1	4	0	6	6	1
25	25237	1975	1	0	1990	12	4	4	4	3	15	10	3
25	25176	1845	1	0	1991	1	1	6	4	1	8	7	1
25	25078	1659	0	0	1991	1	1	1	5	0	11	10	0
25	25134	1759	1	0	1991	4	2	2	5	1	7	11	0
