"herd"	"sowid"	"litter"	"lmort"	"herdtype"	"year"	"month"	"quarter"	"sow_parity"	"sow_tx"	"dead"	"lsize"	"n"	"stillb"
37	37309	6224	1	1	1991	3	1	1	1	3	15	15	1
37	37013	5556	1	1	1990	10	4	8	0	1	9	10	1
37	37397	6339	0	1	1991	11	4	1	0	0	10	8	0
37	37382	6324	0	1	1991	9	3	1	0	0	13	10	0
37	37058	5658	1	1	1991	2	1	5	0	3	16	12	1
37	37238	6061	1	1	1991	1	1	3	0	3	5	10	0
37	37077	5702	0	1	1991	8	3	6	0	0	11	8	1
37	37050	5640	1	1	1990	12	4	5	0	1	15	9	0
37	37169	5904	0	1	1991	10	4	8	0	0	13	10	1
37	37346	6288	0	1	1991	7	3	1	0	0	11	11	0
37	37173	5913	1	1	1991	9	3	8	0	2	12	10	6
37	37289	6182	1	1	1990	12	4	1	0	3	10	11	2
37	37277	6153	0	1	1991	3	1	2	0	0	11	8	0
37	37025	5581	1	1	1991	10	4	8	0	2	9	8	5
37	37137	5847	1	1	1990	12	4	3	0	1	15	9	0
37	37052	5645	1	1	1990	12	4	5	0	2	13	11	0
37	37257	6102	1	1	1990	11	4	2	0	1	11	10	0
37	37301	6209	1	1	1991	7	3	2	0	1	10	10	0
37	37318	6240	0	1	1991	4	2	1	0	0	10	10	0
37	37048	5636	0	1	1991	2	1	5	0	0	10	10	1
37	37233	6049	0	1	1991	3	1	3	0	0	11	10	0
37	37200	5967	1	1	1990	12	4	4	0	2	13	11	3
37	37368	6311	1	1	1991	8	3	1	0	1	13	11	1
37	37109	5781	0	1	1991	2	1	4	0	0	11	10	1
37	37274	6147	0	1	1991	7	3	3	0	0	14	10	0
37	37111	5787	0	1	1991	6	2	5	0	0	6	8	0
37	37109	5782	1	1	1991	7	3	5	0	1	13	10	1
37	37189	5944	0	1	1991	4	2	6	0	0	11	9	7
37	37088	5732	1	1	1991	9	3	6	0	3	8	8	1
37	37168	5901	0	1	1991	8	3	8	0	0	10	10	3
37	37216	6007	0	1	1991	4	2	4	0	0	13	8	0
37	37070	5683	0	1	1991	7	3	6	0	0	12	9	3
37	37237	6060	1	1	1991	6	2	4	0	1	14	11	5
37	37180	5929	1	1	1991	11	4	8	0	1	12	12	0
37	37021	5572	1	1	1990	11	4	7	0	1	13	9	0
37	37251	6085	0	1	1991	4	2	3	0	0	8	10	0
37	37251	6084	1	1	1990	11	4	2	0	1	8	10	0
37	37373	6316	0	1	1991	9	3	1	0	0	9	8	0
37	37040	5615	1	1	1991	5	2	8	0	1	8	8	1
37	37258	6105	0	1	1990	11	4	2	0	0	4	8	0
37	37212	5996	0	1	1990	12	4	3	0	0	9	10	0
37	37188	5941	0	1	1991	4	2	6	0	0	12	10	1
37	37320	6244	0	1	1991	4	2	1	0	0	11	9	0
37	37280	6161	1	1	1991	3	1	2	0	1	12	10	0
37	37125	5817	0	1	1991	4	2	4	0	0	14	10	0
37	37190	5945	1	1	1991	1	1	5	0	1	17	11	3
37	37102	5763	0	1	1991	6	2	5	0	0	5	9	1
37	37219	6014	0	1	1991	3	1	4	0	0	7	8	2
37	37383	6325	1	1	1991	9	3	1	0	1	12	10	0
37	37084	5719	1	1	1990	11	4	4	0	3	13	12	3
37	37237	6059	1	1	1991	1	1	3	0	2	11	9	1
37	37059	5661	0	1	1991	10	4	7	0	0	6	9	1
37	37130	5830	0	1	1991	8	3	5	0	0	12	9	0
37	37263	6117	0	1	1991	10	4	4	0	0	13	9	0
37	37134	5841	1	1	1991	4	2	4	0	2	12	10	0
37	37295	6198	1	1	1991	6	2	2	0	2	13	10	1
37	37273	6144	0	1	1991	7	3	3	0	0	11	10	0
37	37311	6228	1	1	1991	8	3	2	0	1	9	10	1
37	37221	6020	0	1	1991	3	1	4	0	0	11	9	2
37	37253	6091	0	1	1991	4	2	3	0	0	7	9	0
37	37072	5687	0	1	1991	8	3	6	0	0	12	11	0
37	37075	5696	0	1	1991	8	3	6	0	0	15	10	1
37	37197	5960	0	1	1990	12	4	4	0	0	13	10	3
37	37015	5560	1	1	1991	2	1	8	0	1	13	11	0
37	37319	6242	0	1	1991	4	2	1	0	0	12	10	0
37	37062	5666	1	1	1991	2	1	5	0	1	12	10	0
37	37312	6230	0	1	1991	9	3	2	0	0	13	10	0
37	37039	5612	0	1	1991	6	2	7	0	0	9	10	0
37	37279	6159	1	1	1991	7	3	3	0	1	11	9	0
37	37249	6080	0	1	1991	3	1	2	0	0	10	9	0
37	37306	6219	0	1	1991	8	3	2	0	0	8	10	0
37	37117	5802	1	1	1991	7	3	5	0	1	10	11	5
37	37302	6211	1	1	1991	8	3	2	0	2	11	6	2
37	37031	5594	1	1	1991	11	4	8	0	1	14	11	1
37	37046	5632	0	1	1991	9	3	7	0	0	11	9	0
37	37084	5720	0	1	1991	4	2	5	0	0	10	10	0
37	37218	6011	0	1	1991	5	2	4	0	0	14	11	1
37	37287	6178	0	1	1991	5	2	2	0	0	11	9	0
37	37006	5546	1	1	1991	1	1	9	0	1	6	9	0
37	37111	5788	0	1	1991	11	4	6	0	0	10	10	2
37	37180	5928	0	1	1991	6	2	7	0	0	9	10	2
37	37169	5903	0	1	1991	5	2	7	0	0	9	9	0
37	37132	5834	1	1	1990	11	4	3	0	2	13	12	1
37	37004	5543	1	1	1991	2	1	8	0	1	13	12	1
37	37156	5888	0	1	1991	11	4	2	0	0	13	10	1
37	37289	6184	0	1	1991	11	4	3	0	0	10	10	0
37	37224	6028	1	1	1990	10	4	3	0	1	13	10	3
37	37018	5568	0	1	1991	7	3	9	0	0	10	11	0
37	37334	6270	0	1	1991	5	2	1	0	0	6	9	0
37	37339	6277	1	1	1991	6	2	1	0	5	11	13	2
37	37350	6293	0	1	1991	7	3	1	0	0	8	10	1
37	37209	5990	1	1	1990	11	4	3	0	1	13	11	0
37	37358	6301	1	1	1991	8	3	1	0	2	11	10	0
37	37210	5992	0	1	1990	11	4	4	0	0	6	10	0
37	37004	5544	0	1	1991	7	3	9	0	0	10	9	1
37	37181	5930	1	1	1990	10	4	5	0	1	9	10	5
37	37223	6027	0	1	1991	10	4	5	0	0	7	9	2
37	37015	5561	0	1	1991	7	3	9	0	0	12	10	0
37	37068	5678	0	1	1991	2	1	5	0	0	10	10	3
37	37394	6336	0	1	1991	10	4	1	0	0	7	10	3
37	37299	6204	1	1	1991	2	1	1	0	2	13	10	0
37	37106	5774	1	1	1991	2	1	4	0	1	11	11	1
37	37127	5821	0	1	1991	8	3	5	0	0	12	9	2
37	37040	5616	0	1	1991	9	3	9	0	0	8	9	0
37	37017	5566	1	1	1991	9	3	9	0	2	6	10	0
37	37148	5872	0	1	1991	8	3	2	0	0	15	9	1
37	37064	5670	1	1	1991	1	1	5	0	1	13	11	0
37	37194	5953	0	1	1991	9	3	6	0	0	13	10	1
37	37028	5587	1	1	1991	6	2	8	0	1	14	10	1
37	37165	5897	1	1	1991	11	4	1	0	1	11	12	0
37	37192	5949	0	1	1991	10	4	6	0	0	9	10	1
37	37067	5676	1	1	1991	5	2	5	0	2	14	11	2
37	37173	5912	0	1	1991	4	2	7	0	0	8	8	2
37	37170	5906	0	1	1991	7	3	8	0	0	10	9	0
37	37135	5844	1	1	1991	4	2	4	0	2	13	12	0
37	37218	6010	0	1	1990	11	4	3	0	0	14	9	2
37	37347	6289	1	1	1991	7	3	1	0	2	10	11	0
37	37266	6124	0	1	1990	12	4	2	0	0	11	9	0
37	37309	6225	1	1	1991	7	3	2	0	2	10	9	0
37	37321	6246	1	1	1991	4	2	1	0	1	12	10	1
37	37218	6012	1	1	1991	10	4	5	0	1	9	10	0
37	37068	5679	0	1	1991	7	3	6	0	0	9	10	1
37	37323	6251	0	1	1991	10	4	2	0	0	9	10	0
37	37028	5586	1	1	1991	2	1	7	0	1	14	8	0
37	37195	5956	0	1	1991	10	4	6	0	0	8	9	2
37	37316	6237	0	1	1991	4	2	1	0	0	7	7	1
37	37167	5899	0	1	1991	11	4	1	0	0	9	10	0
37	37105	5771	1	1	1991	1	1	4	0	1	14	11	3
37	37337	6274	0	1	1991	6	2	1	0	0	14	10	0
37	37065	5673	1	1	1991	6	2	6	0	1	16	10	0
37	37331	6264	0	1	1991	5	2	1	0	0	12	12	2
37	37128	5823	0	1	1991	5	2	4	0	0	11	10	3
37	37262	6113	0	1	1991	2	1	2	0	0	6	10	1
37	37227	6035	0	1	1991	5	2	4	0	0	11	10	2
37	37009	5551	0	1	1991	3	1	9	0	0	10	11	0
37	37220	6018	1	1	1991	9	3	5	0	1	12	12	0
37	37337	6275	0	1	1991	11	4	2	0	0	11	11	1
37	37144	5863	1	1	1991	7	3	3	0	1	10	9	0
37	37269	6133	0	1	1991	1	1	2	0	0	10	10	0
37	37272	6140	0	1	1991	1	1	2	0	0	13	9	0
37	37204	5978	0	1	1991	7	3	5	0	0	11	11	1
37	37042	5622	0	1	1991	11	4	8	0	0	4	9	0
37	37323	6250	0	1	1991	5	2	1	0	0	9	9	2
37	37332	6267	1	1	1991	10	4	2	0	4	9	12	0
37	37067	5675	0	1	1990	11	4	4	0	0	14	8	1
37	37377	6320	1	1	1991	9	3	1	0	12	11	20	2
37	37087	5728	1	1	1991	3	1	5	0	2	13	11	0
37	37216	6006	1	1	1990	12	4	3	0	2	13	11	0
37	37307	6220	0	1	1991	3	1	1	0	0	11	10	0
37	37154	5882	0	1	1991	5	2	1	0	0	6	9	0
37	37227	6036	0	1	1991	10	4	5	0	0	11	10	3
37	37052	5646	1	1	1991	5	2	6	0	1	12	10	2
37	37292	6192	1	1	1991	7	3	2	0	1	10	10	1
37	37276	6151	1	1	1991	3	1	2	0	1	9	11	2
37	37133	5839	0	1	1991	8	3	5	0	0	15	10	1
37	37043	5623	0	1	1991	2	1	6	0	0	13	10	1
37	37149	5874	0	1	1991	7	3	2	0	0	15	10	0
37	37392	6334	0	1	1991	10	4	1	0	0	13	11	0
37	37158	5890	1	1	1991	9	3	1	0	1	8	10	0
37	37063	5668	0	1	1991	2	1	5	0	0	9	10	0
37	37001	5540	1	1	1990	11	4	9	0	1	9	9	0
37	37101	5761	0	1	1991	11	4	6	0	0	10	10	1
37	37081	5712	1	1	1991	8	3	6	0	1	14	9	1
37	37225	6031	0	1	1991	8	3	5	0	0	14	10	0
37	37401	6343	0	1	1991	10	4	1	0	0	11	10	0
37	37349	6292	0	1	1991	11	4	2	0	0	13	10	0
37	37120	5806	0	1	1991	2	1	4	0	0	16	10	0
37	37052	5647	1	1	1991	10	4	7	0	1	11	9	6
37	37116	5798	0	1	1990	11	4	6	0	0	12	9	0
37	37025	5579	0	1	1990	12	4	6	0	0	14	10	0
37	37042	5620	0	1	1991	1	1	6	0	0	6	9	4
37	37254	6094	0	1	1991	3	1	3	0	0	16	10	1
37	37069	5680	0	1	1991	2	1	5	0	0	12	10	2
37	37281	6163	1	1	1990	10	4	1	0	1	13	10	0
37	37149	5873	0	1	1991	2	1	1	0	0	10	9	0
37	37144	5862	1	1	1991	2	1	2	0	1	14	11	0
37	37211	5995	1	1	1990	11	4	3	0	1	10	10	0
37	37287	6179	0	1	1991	9	3	3	0	0	15	9	1
37	37195	5955	1	1	1991	5	2	5	0	1	10	8	1
37	37132	5836	0	1	1991	9	3	5	0	0	13	11	0
37	37100	5756	1	1	1991	1	1	4	0	1	13	11	1
37	37305	6217	0	1	1991	9	3	2	0	0	15	11	1
37	37255	6096	0	1	1990	11	4	2	0	0	10	11	0
37	37336	6272	0	1	1991	5	2	1	0	0	9	8	0
37	37328	6259	0	1	1991	10	4	2	0	0	10	9	0
37	37198	5965	0	1	1991	8	3	5	0	0	13	11	1
37	37206	5984	0	1	1991	8	3	5	0	0	10	10	1
37	37234	6051	1	1	1991	1	1	3	0	1	12	9	0
37	37059	5659	0	1	1990	12	4	5	0	0	11	8	4
37	37267	6128	1	1	1991	6	2	3	0	1	10	11	0
37	37162	5894	0	1	1991	10	4	1	0	0	6	9	1
37	37330	6263	0	1	1991	10	4	2	0	0	11	8	0
37	37280	6162	0	1	1991	8	3	3	0	0	11	10	0
37	37010	5552	0	1	1991	2	1	8	0	0	8	10	2
37	37228	6037	1	1	1990	11	4	3	0	2	12	10	3
37	37231	6044	0	1	1990	12	4	3	0	0	15	10	0
37	37262	6114	0	1	1991	7	3	3	0	0	9	8	0
37	37067	5677	0	1	1991	10	4	6	0	0	12	9	5
37	37002	5541	0	1	1990	11	4	9	0	0	12	8	0
37	37202	5974	0	1	1991	7	3	5	0	0	9	9	0
37	37090	5737	0	1	1991	4	2	5	0	0	17	10	2
37	37041	5619	0	1	1991	11	4	8	0	0	11	10	0
37	37214	6002	0	1	1990	12	4	4	0	0	11	8	4
37	37257	6104	0	1	1991	8	3	4	0	0	11	10	2
37	37188	5940	0	1	1990	11	4	5	0	0	13	9	0
37	37155	5886	0	1	1991	7	3	8	0	0	7	7	1
37	37037	5607	0	1	1991	3	1	6	0	0	11	9	2
37	37041	5618	0	1	1991	6	2	7	0	0	7	10	0
37	37388	6330	1	1	1991	10	4	1	0	1	10	10	1
37	37235	6054	1	1	1991	1	1	3	0	1	17	10	0
37	37074	5691	0	1	1990	10	4	4	0	0	11	10	0
37	37071	5685	1	1	1991	7	3	6	0	1	11	10	1
37	37065	5672	0	1	1991	2	1	5	0	0	15	10	1
37	37372	6315	0	1	1991	9	3	1	0	0	11	10	0
37	37256	6099	0	1	1990	11	4	2	0	0	9	10	0
37	37154	5883	0	1	1991	10	4	2	0	0	9	9	0
37	37115	5797	1	1	1991	7	3	5	0	2	14	13	0
37	37359	6302	0	1	1991	8	3	1	0	0	9	9	0
37	37398	6340	1	1	1991	10	4	1	0	4	7	7	1
37	37101	5760	0	1	1991	6	2	5	0	0	12	9	0
37	37105	5772	0	1	1991	6	2	5	0	0	15	10	4
37	37236	6057	1	1	1991	6	2	4	0	1	13	10	1
37	37056	5653	0	1	1991	6	2	6	0	0	11	9	3
37	37349	6291	1	1	1991	7	3	1	0	1	11	9	0
37	37169	5902	0	1	1990	10	4	6	0	0	13	10	1
37	37073	5690	1	1	1991	8	3	6	0	2	15	9	4
37	37227	6034	1	1	1991	1	1	3	0	1	7	10	0
37	37133	5838	0	1	1991	4	2	4	0	0	13	9	2
37	37030	5591	0	1	1991	10	4	8	0	0	11	10	0
37	37054	5650	0	1	1991	6	2	6	0	0	11	9	1
37	37225	6029	1	1	1990	10	4	3	0	2	14	11	0
37	37243	6072	1	1	1990	10	4	2	0	2	11	10	0
37	37264	6118	0	1	1990	12	4	2	0	0	14	11	1
37	37184	5935	1	1	1991	2	1	5	0	1	14	9	4
37	37256	6101	1	1	1991	8	3	4	0	1	12	12	1
37	37178	5925	0	1	1991	6	2	7	0	0	11	9	4
37	37030	5590	0	1	1991	5	2	7	0	0	12	10	1
37	37035	5603	0	1	1991	3	1	6	0	0	5	8	0
37	37034	5601	1	1	1991	1	1	5	0	2	11	11	1
37	37326	6256	0	1	1991	10	4	2	0	0	13	10	0
37	37032	5597	0	1	1991	11	4	8	0	0	8	9	3
37	37294	6196	0	1	1991	3	1	1	0	0	10	10	1
37	37142	5857	1	1	1991	2	1	2	0	1	8	8	0
37	37033	5599	1	1	1991	6	2	7	0	1	12	10	2
37	37242	6069	0	1	1990	10	4	2	0	0	7	9	1
37	37145	5866	0	1	1991	6	2	2	0	0	10	9	0
37	37194	5951	1	1	1990	12	4	4	0	1	11	11	0
37	37083	5716	0	1	1990	10	4	4	0	0	8	10	0
37	37118	5803	1	1	1991	2	1	4	0	1	13	10	2
37	37005	5545	1	1	1991	1	1	8	0	1	10	11	1
37	37073	5688	1	1	1990	10	4	4	0	6	13	14	3
37	37131	5832	0	1	1991	4	2	4	0	0	10	10	0
37	37191	5946	1	1	1990	12	4	4	0	3	13	13	1
37	37320	6245	0	1	1991	9	3	2	0	0	13	11	1
37	37252	6087	1	1	1990	11	4	2	0	1	10	10	0
37	37235	6055	1	1	1991	7	3	4	0	1	13	8	5
37	37298	6203	0	1	1991	2	1	1	0	0	12	11	1
37	37252	6088	0	1	1991	4	2	3	0	0	4	10	0
37	37209	5991	0	1	1991	4	2	4	0	0	14	9	0
37	37024	5577	0	1	1991	2	1	7	0	0	14	9	1
37	37032	5595	1	1	1990	12	4	6	0	1	14	10	0
37	37093	5744	0	1	1991	8	3	8	0	0	12	9	1
37	37023	5576	1	1	1991	7	3	8	0	1	16	9	0
37	37236	6056	0	1	1991	1	1	3	0	0	8	9	1
37	37087	5729	1	1	1991	8	3	6	0	1	11	7	0
37	37343	6284	1	1	1991	7	3	1	0	1	12	12	1
37	37226	6033	0	1	1991	4	2	4	0	0	12	10	0
37	37232	6047	0	1	1991	10	4	5	0	0	8	10	0
37	37292	6191	1	1	1991	1	1	1	0	2	12	10	0
37	37232	6046	0	1	1991	5	2	4	0	0	9	9	0
37	37254	6095	1	1	1991	8	3	4	0	1	13	9	2
37	37143	5861	0	1	1991	11	4	4	0	0	8	10	3
37	37133	5837	0	1	1990	11	4	3	0	0	11	10	1
37	37371	6314	0	1	1991	9	3	1	0	0	11	10	0
37	37003	5542	1	1	1991	1	1	8	0	2	12	8	4
37	37172	5909	1	1	1991	2	1	7	0	1	12	12	1
37	37112	5789	0	1	1991	3	1	4	0	0	13	8	0
37	37124	5815	0	1	1991	8	3	5	0	0	12	10	2
37	37060	5664	0	1	1991	10	4	7	0	0	11	10	3
37	37200	5968	0	1	1991	5	2	5	0	0	12	8	2
37	37339	6278	1	1	1991	11	4	2	0	1	13	10	0
37	37174	5914	0	1	1990	12	4	6	0	0	11	10	0
37	37215	6005	0	1	1991	2	1	3	0	0	11	10	1
37	37230	6043	1	1	1991	8	3	4	0	1	4	9	0
37	37208	5989	0	1	1991	7	3	5	0	0	9	10	0
37	37269	6134	0	1	1991	6	2	3	0	0	10	10	0
37	37304	6214	0	1	1991	3	1	1	0	0	14	10	1
37	37183	5934	0	1	1990	10	4	5	0	0	10	10	1
37	37329	6260	0	1	1991	5	2	1	0	0	10	9	0
37	37267	6127	0	1	1991	1	1	2	0	0	13	10	2
37	37205	5980	0	1	1991	5	2	5	0	0	13	10	2
37	37095	5749	0	1	1991	4	2	5	0	0	13	10	4
37	37123	5810	1	1	1990	10	4	3	0	2	16	12	2
37	37123	5812	0	1	1991	8	3	5	0	0	15	7	4
37	37057	5656	0	1	1991	7	3	6	0	0	13	11	0
37	37259	6108	0	1	1990	11	4	2	0	0	9	9	0
37	37019	5569	0	1	1991	3	1	8	0	0	12	10	3
37	37087	5727	1	1	1990	11	4	4	0	1	6	10	1
37	37221	6019	1	1	1990	10	4	3	0	2	10	9	2
37	37327	6257	0	1	1991	5	2	1	0	0	10	9	3
37	37286	6175	0	1	1991	4	2	2	0	0	6	9	1
37	37228	6038	0	1	1991	4	2	4	0	0	10	10	2
37	37226	6032	1	1	1990	11	4	3	0	2	11	12	0
37	37088	5730	0	1	1990	11	4	4	0	0	6	9	1
37	37099	5755	0	1	1991	1	1	4	0	0	14	10	2
37	37287	6177	0	1	1990	12	4	1	0	0	13	9	2
37	37293	6193	1	1	1991	1	1	1	0	11	9	19	2
37	37096	5752	0	1	1991	9	3	6	0	0	11	9	3
37	37044	5626	1	1	1990	12	4	5	0	1	12	10	0
37	37197	5962	0	1	1991	10	4	6	0	0	10	10	3
37	37277	6154	1	1	1991	8	3	3	0	1	8	10	0
37	37185	5936	0	1	1991	1	1	5	0	0	9	9	4
37	37025	5580	0	1	1991	5	2	7	0	0	13	10	0
37	37247	6078	0	1	1991	11	4	1	0	0	11	10	0
37	37361	6304	0	1	1991	8	3	1	0	0	10	9	0
37	37079	5706	0	1	1991	7	3	6	0	0	11	10	1
37	37232	6045	1	1	1990	12	4	3	0	2	11	12	1
37	37039	5611	1	1	1991	2	1	6	0	1	13	11	0
37	37054	5649	1	1	1990	12	4	5	0	4	7	10	0
37	37172	5908	0	1	1990	10	4	6	0	0	7	9	0
37	37194	5952	0	1	1991	5	2	5	0	0	13	9	0
37	37340	6279	0	1	1991	6	2	1	0	0	9	10	2
37	37219	6013	1	1	1990	10	4	3	0	3	8	10	0
37	37217	6009	0	1	1991	3	1	3	0	0	13	10	3
37	37389	6331	0	1	1991	10	4	1	0	0	8	9	0
37	37160	5892	1	1	1991	10	4	1	0	1	9	9	1
37	37279	6157	0	1	1990	10	4	1	0	0	11	10	0
37	37300	6206	0	1	1991	2	1	1	0	0	10	9	0
37	37378	6321	0	1	1991	10	4	1	0	0	13	10	0
37	37178	5924	1	1	1991	1	1	6	0	1	14	11	1
37	37272	6142	1	1	1991	11	4	4	0	1	12	11	0
37	37051	5643	1	1	1991	1	1	5	0	1	11	11	4
37	37013	5558	0	1	1991	7	3	10	0	0	5	9	0
37	37082	5715	0	1	1991	7	3	6	0	0	15	15	2
37	37340	6280	0	1	1991	11	4	2	0	0	6	10	0
37	37046	5630	1	1	1990	12	4	5	0	2	13	10	2
37	37204	5976	1	1	1990	10	4	3	0	1	12	11	1
37	37198	5964	0	1	1991	3	1	4	0	0	10	10	6
37	37033	5600	0	1	1991	11	4	8	0	0	13	10	1
37	37299	6205	0	1	1991	7	3	2	0	0	13	9	3
37	37325	6254	0	1	1991	5	2	1	0	0	11	11	0
37	37049	5638	0	1	1991	4	2	6	0	0	10	9	0
37	37399	6341	0	1	1991	10	4	1	0	0	11	10	0
37	37131	5831	0	1	1990	11	4	3	0	0	10	10	0
37	37270	6137	0	1	1991	8	3	3	0	0	11	8	3
37	37264	6120	0	1	1991	10	4	4	0	0	3	9	3
37	37074	5693	0	1	1991	8	3	6	0	0	11	10	1
37	37204	5977	1	1	1991	3	1	4	0	1	10	10	2
37	37098	5754	0	1	1991	1	1	4	0	0	10	10	0
37	37271	6138	0	1	1991	2	1	2	0	0	10	10	4
37	37100	5758	0	1	1991	11	4	6	0	0	14	9	0
37	37031	5592	1	1	1991	1	1	6	0	1	10	10	4
37	37069	5681	0	1	1991	7	3	6	0	0	12	9	2
37	37221	6021	0	1	1991	8	3	5	0	0	11	10	0
37	37242	6070	0	1	1991	2	1	3	0	0	8	9	1
37	37080	5708	0	1	1991	3	1	5	0	0	12	10	0
37	37076	5698	0	1	1991	3	1	5	0	0	13	7	1
37	37107	5777	0	1	1991	6	2	8	0	0	11	10	2
37	37157	5889	0	1	1991	7	3	1	0	0	10	9	0
37	37044	5628	1	1	1991	10	4	7	0	1	10	10	0
37	37176	5920	1	1	1990	12	4	6	0	1	11	10	1
37	37240	6066	0	1	1991	6	2	4	0	0	14	9	1
37	37222	6024	0	1	1991	8	3	5	0	0	9	10	0
37	37152	5879	0	1	1991	10	4	2	0	0	11	9	0
37	37023	5575	1	1	1991	2	1	7	0	1	11	10	0
37	37220	6016	1	1	1990	11	4	3	0	1	12	9	1
37	37297	6202	0	1	1991	3	1	1	0	0	12	12	2
37	37136	5846	0	1	1991	7	3	4	0	0	6	9	10
37	37260	6109	1	1	1991	1	1	2	0	1	10	11	0
37	37286	6174	0	1	1990	11	4	1	0	0	8	9	0
37	37094	5745	0	1	1990	12	4	4	0	0	14	8	1
37	37095	5748	1	1	1990	11	4	4	0	4	15	14	3
37	37234	6053	1	1	1991	11	4	5	0	2	16	11	0
37	37175	5919	0	1	1991	9	3	8	0	0	10	10	1
37	37248	6079	0	1	1991	11	4	1	0	0	10	10	1
37	37015	5562	0	1	1991	11	4	10	0	0	10	9	2
37	37124	5813	1	1	1990	10	4	3	0	1	12	11	1
37	37081	5710	1	1	1990	10	4	4	0	3	14	11	2
37	37151	5877	0	1	1991	3	1	1	0	0	5	5	0
37	37181	5931	0	1	1991	3	1	6	0	0	11	10	0
37	37143	5860	0	1	1991	6	2	3	0	0	17	10	1
37	37348	6290	0	1	1991	8	3	1	0	0	11	8	0
37	37322	6249	0	1	1991	9	3	2	0	0	9	11	0
37	37019	5570	0	1	1991	8	3	9	0	0	10	10	1
37	37007	5547	1	1	1990	12	4	8	0	3	12	12	2
37	37115	5796	1	1	1991	2	1	4	0	2	13	12	1
37	37296	6200	1	1	1991	2	1	1	0	1	13	10	0
37	37302	6210	0	1	1991	3	1	1	0	0	11	10	1
37	37034	5602	1	1	1991	8	3	6	0	2	10	9	2
37	37026	5583	0	1	1991	5	2	7	0	0	12	10	0
37	37192	5947	0	1	1990	12	4	4	0	0	13	10	0
37	37008	5548	1	1	1991	2	1	8	0	1	11	11	1
37	37254	6093	1	1	1990	11	4	2	0	2	12	11	0
37	37245	6076	0	1	1991	11	4	1	0	0	7	9	0
37	37016	5563	0	1	1990	11	4	7	0	0	11	10	1
37	37086	5726	1	1	1991	5	2	5	0	1	10	9	0
37	37304	6215	0	1	1991	9	3	2	0	0	15	10	2
37	37366	6309	0	1	1991	8	3	1	0	0	12	9	1
37	37044	5627	0	1	1991	5	2	6	0	0	16	9	1
37	37180	5927	1	1	1991	1	1	6	0	1	13	11	0
37	37123	5811	1	1	1991	3	1	4	0	1	10	10	5
37	37114	5795	0	1	1991	5	2	4	0	0	5	8	0
37	37266	6126	1	1	1991	10	4	4	0	2	10	11	0
37	37049	5637	1	1	1990	11	4	5	0	2	10	10	1
37	37081	5711	0	1	1991	3	1	5	0	0	13	9	0
37	37129	5827	0	1	1991	8	3	5	0	0	11	7	0
37	37239	6063	0	1	1991	3	1	3	0	0	12	9	0
37	37073	5689	1	1	1991	3	1	5	0	1	13	11	0
37	37057	5657	0	1	1991	11	4	7	0	0	9	10	3
37	37369	6312	0	1	1991	9	3	1	0	0	11	10	1
37	37164	5896	0	1	1991	10	4	1	0	0	11	9	1
37	37132	5835	0	1	1991	4	2	4	0	0	12	10	2
37	37189	5943	1	1	1990	11	4	5	0	3	11	12	3
37	37220	6017	1	1	1991	4	2	4	0	2	14	9	0
37	37089	5733	1	1	1991	1	1	4	0	2	15	11	3
37	37216	6008	0	1	1991	10	4	5	0	0	11	8	0
37	37223	6025	1	1	1990	11	4	3	0	1	10	10	3
37	37268	6131	0	1	1991	6	2	3	0	0	14	9	1
37	37290	6187	0	1	1991	10	4	3	0	0	13	9	1
37	37037	5608	0	1	1991	8	3	7	0	0	14	10	2
37	37293	6195	1	1	1991	11	4	3	0	1	15	10	2
37	37273	6143	1	1	1991	2	1	2	0	1	10	11	0
37	37125	5816	1	1	1990	11	4	3	0	1	6	9	0
37	37008	5549	0	1	1991	7	3	9	0	0	9	10	1
37	37270	6136	0	1	1991	3	1	2	0	0	8	10	1
37	37101	5759	0	1	1991	1	1	4	0	0	11	8	2
37	37332	6266	0	1	1991	5	2	1	0	0	10	10	0
37	37134	5840	0	1	1990	11	4	3	0	0	10	10	1
37	37150	5876	1	1	1991	8	3	2	0	2	10	11	1
37	37380	6322	0	1	1991	9	3	1	0	0	11	11	0
37	37089	5735	0	1	1991	11	4	6	0	0	9	9	1
37	37263	6115	0	1	1990	12	4	2	0	0	5	10	0
37	37201	5971	0	1	1991	3	1	4	0	0	11	10	1
37	37129	5826	0	1	1991	3	1	4	0	0	10	9	1
37	37229	6039	1	1	1990	10	4	2	0	2	7	11	1
37	37080	5709	0	1	1991	8	3	6	0	0	14	8	0
37	37071	5684	1	1	1991	2	1	5	0	1	10	7	5
37	37317	6238	0	1	1991	4	2	1	0	0	9	9	1
37	37103	5765	0	1	1990	10	4	3	0	0	10	10	1
37	37117	5801	1	1	1991	2	1	4	0	1	11	10	7
37	37108	5779	0	1	1991	6	2	5	0	0	10	10	0
37	37387	6329	0	1	1991	10	4	1	0	0	12	10	0
37	37072	5686	1	1	1991	3	1	5	0	1	6	10	1
37	37080	5707	1	1	1990	10	4	4	0	1	16	11	0
37	37222	6023	0	1	1991	4	2	4	0	0	8	8	1
37	37172	5910	1	1	1991	7	3	8	0	1	10	9	0
37	37272	6141	0	1	1991	6	2	3	0	0	9	9	0
37	37010	5553	0	1	1991	7	3	9	0	0	10	10	0
37	37110	5783	1	1	1991	1	1	4	0	1	14	9	3
37	37266	6125	0	1	1991	5	2	3	0	0	13	9	1
37	37243	6074	1	1	1991	8	3	4	0	1	13	11	0
37	37303	6213	0	1	1991	7	3	2	0	0	10	10	0
37	37219	6015	0	1	1991	8	3	5	0	0	10	10	2
37	37195	5954	0	1	1990	12	4	4	0	0	8	8	0
37	37141	5855	0	1	1990	12	4	2	0	0	9	10	0
37	37391	6333	0	1	1991	10	4	1	0	0	7	10	0
37	37078	5703	1	1	1990	12	4	6	0	1	6	11	0
37	37275	6149	0	1	1991	3	1	2	0	0	11	11	0
37	37145	5865	1	1	1991	1	1	1	0	2	6	8	0
37	37301	6208	1	1	1991	2	1	1	0	2	12	10	0
37	37036	5605	0	1	1991	6	2	7	0	0	9	10	0
37	37341	6282	0	1	1991	11	4	2	0	0	8	10	0
37	37011	5554	0	1	1990	10	4	7	0	0	12	8	1
37	37330	6262	0	1	1991	5	2	1	0	0	8	10	1
37	37124	5814	1	1	1991	3	1	4	0	1	12	12	2
37	37140	5854	1	1	1991	1	1	7	0	1	8	11	1
37	37251	6086	0	1	1991	11	4	4	0	0	5	10	0
37	37290	6186	0	1	1991	5	2	2	0	0	11	10	1
37	37037	5606	1	1	1990	10	4	5	0	1	13	10	2
37	37313	6232	0	1	1991	9	3	2	0	0	14	10	0
37	37110	5785	0	1	1991	11	4	6	0	0	12	10	1
37	37096	5751	0	1	1991	4	2	5	0	0	4	9	0
37	37197	5961	0	1	1991	5	2	5	0	0	11	11	2
37	37293	6194	1	1	1991	6	2	2	0	1	11	11	0
37	37205	5979	1	1	1990	12	4	4	0	2	16	10	1
37	37256	6100	0	1	1991	4	2	3	0	0	6	8	0
37	37127	5819	1	1	1990	10	4	3	0	1	14	10	0
37	37136	5845	0	1	1991	2	1	3	0	0	13	10	1
37	37022	5574	0	1	1991	4	2	8	0	0	9	9	1
37	37336	6273	0	1	1991	10	4	2	0	0	11	14	0
37	37128	5822	0	1	1990	12	4	3	0	0	14	9	4
37	37303	6212	0	1	1991	2	1	1	0	0	11	9	1
37	37222	6022	0	1	1990	11	4	3	0	0	11	10	0
37	37177	5921	0	1	1990	12	4	6	0	0	10	10	1
37	37056	5654	1	1	1991	11	4	7	0	2	9	8	2
37	37318	6241	0	1	1991	9	3	2	0	0	12	10	0
37	37279	6158	1	1	1991	3	1	2	0	1	10	10	0
37	37278	6155	0	1	1991	2	1	2	0	0	13	8	1
37	37250	6081	0	1	1990	10	4	2	0	0	11	10	0
37	37043	5624	0	1	1991	7	3	7	0	0	9	10	1
37	37274	6146	0	1	1991	2	1	2	0	0	11	11	1
37	37060	5662	1	1	1991	1	1	5	0	1	14	9	1
37	37120	5807	0	1	1991	8	3	5	0	0	14	9	0
37	37240	6065	1	1	1991	1	1	3	0	1	15	11	0
37	37168	5900	0	1	1991	3	1	7	0	0	12	11	1
37	37240	6067	1	1	1991	11	4	5	0	1	15	11	3
37	37090	5736	0	1	1990	11	4	4	0	0	14	8	2
37	37300	6207	0	1	1991	7	3	2	0	0	10	9	0
37	37229	6041	0	1	1991	7	3	4	0	0	11	8	0
37	37384	6326	0	1	1991	10	4	1	0	0	8	9	4
37	37122	5809	0	1	1990	10	4	3	0	0	8	9	2
37	37322	6248	0	1	1991	4	2	1	0	0	8	8	2
37	37076	5697	1	1	1990	10	4	4	0	2	12	12	1
37	37061	5665	0	1	1991	4	2	5	0	0	11	8	1
37	37233	6050	1	1	1991	8	3	4	0	1	12	11	0
37	37213	6001	0	1	1991	8	3	5	0	0	14	10	4
37	37306	6218	1	1	1991	3	1	1	0	1	11	10	1
37	37263	6116	0	1	1991	5	2	3	0	0	9	9	0
37	37108	5778	0	1	1991	1	1	4	0	0	14	10	0
37	37225	6030	1	1	1991	3	1	4	0	3	12	11	1
37	37201	5972	1	1	1991	7	3	5	0	1	14	7	0
37	37335	6271	0	1	1991	7	3	1	0	0	13	9	0
37	37113	5791	0	1	1990	11	4	3	0	0	12	10	3
37	37107	5776	1	1	1991	1	1	7	0	1	8	10	1
37	37277	6152	1	1	1990	10	4	1	0	1	10	10	0
37	37085	5722	1	1	1991	1	1	7	0	2	13	11	0
37	37265	6121	0	1	1990	12	4	2	0	0	10	9	0
37	37059	5660	0	1	1991	5	2	6	0	0	14	11	0
37	37088	5731	0	1	1991	4	2	5	0	0	7	8	0
37	37089	5734	0	1	1991	7	3	5	0	0	14	10	2
37	37324	6253	0	1	1991	10	4	2	0	0	12	11	0
37	37265	6122	0	1	1991	5	2	3	0	0	13	10	2
37	37112	5790	0	1	1991	8	3	5	0	0	11	9	0
37	37075	5694	0	1	1990	10	4	4	0	0	13	9	0
37	37127	5820	1	1	1991	3	1	4	0	1	15	10	0
37	37106	5775	0	1	1991	7	3	5	0	0	13	10	1
37	37307	6221	0	1	1991	8	3	2	0	0	11	9	0
37	37212	5997	1	1	1991	5	2	4	0	1	13	8	3
37	37103	5767	0	1	1991	8	3	5	0	0	11	9	0
37	37214	6003	1	1	1991	5	2	5	0	1	10	10	1
37	37285	6172	0	1	1991	3	1	2	0	0	6	9	0
37	37105	5773	1	1	1991	11	4	6	0	1	12	11	6
37	37130	5828	0	1	1990	11	4	3	0	0	12	10	1
37	37159	5891	1	1	1991	10	4	1	0	3	11	12	1
37	37202	5973	1	1	1991	3	1	4	0	1	8	11	3
37	37364	6307	0	1	1991	8	3	1	0	0	12	7	0
37	37083	5718	0	1	1991	8	3	6	0	0	8	10	0
37	37142	5858	1	1	1991	6	2	3	0	1	13	9	0
37	37038	5610	1	1	1991	7	3	7	0	1	11	8	0
37	37196	5958	1	1	1991	6	2	5	0	3	12	10	0
37	37085	5724	1	1	1991	10	4	9	0	4	10	10	2
37	37082	5713	0	1	1990	10	4	4	0	0	14	9	2
37	37210	5993	1	1	1991	4	2	5	0	1	12	9	1
37	37042	5621	0	1	1991	6	2	7	0	0	11	11	2
37	37049	5639	1	1	1991	9	3	7	0	2	12	9	1
37	37027	5585	1	1	1990	11	4	6	0	1	13	9	3
37	37013	5557	0	1	1991	2	1	9	0	0	9	10	1
37	37208	5988	0	1	1991	2	1	4	0	0	9	8	1
37	37082	5714	0	1	1991	3	1	5	0	0	14	10	0
37	37196	5957	1	1	1991	1	1	4	0	1	8	8	0
37	37070	5682	1	1	1991	2	1	5	0	1	15	11	2
37	37147	5869	0	1	1990	10	4	1	0	0	8	8	2
37	37093	5742	1	1	1990	10	4	6	0	2	13	10	0
37	37111	5786	1	1	1991	1	1	4	0	1	10	10	1
37	37285	6173	0	1	1991	9	3	3	0	0	11	11	0
37	37047	5633	1	1	1990	12	4	5	0	1	12	9	1
37	37255	6098	0	1	1991	9	3	4	0	0	14	11	0
37	37257	6103	0	1	1991	4	2	3	0	0	10	10	1
37	37329	6261	1	1	1991	10	4	2	0	1	11	10	0
37	37096	5750	0	1	1990	11	4	4	0	0	9	8	0
37	37114	5794	1	1	1990	12	4	3	0	1	6	10	1
37	37033	5598	1	1	1991	1	1	6	0	2	15	12	1
37	37324	6252	0	1	1991	5	2	1	0	0	7	9	1
37	37286	6176	0	1	1991	9	3	3	0	0	8	9	1
37	37267	6129	0	1	1991	11	4	4	0	0	11	10	2
37	37229	6040	0	1	1991	3	1	3	0	0	10	11	0
37	37153	5881	1	1	1991	9	3	2	0	2	12	10	0
37	37284	6170	1	1	1990	11	4	1	0	1	10	10	3
37	37083	5717	0	1	1991	3	1	5	0	0	8	11	0
37	37043	5625	0	1	1991	11	4	8	0	0	7	7	0
37	37030	5589	1	1	1990	12	4	6	0	2	7	5	0
37	37093	5743	1	1	1991	3	1	7	0	2	10	10	1
37	37253	6090	1	1	1990	11	4	2	0	1	7	9	2
37	37029	5588	0	1	1991	2	1	6	0	0	9	9	0
37	37139	5851	1	1	1990	10	4	2	0	1	5	10	5
37	37295	6199	1	1	1991	11	4	3	0	1	13	10	2
37	37268	6130	1	1	1991	1	1	2	0	2	11	10	0
37	37146	5868	1	1	1991	2	1	2	0	1	12	11	0
37	37045	5629	0	1	1990	11	4	5	0	0	5	9	2
37	37148	5871	0	1	1991	2	1	1	0	0	11	9	0
37	37344	6286	0	1	1991	11	4	2	0	0	12	10	0
37	37296	6201	1	1	1991	7	3	2	0	5	12	12	0
37	37281	6165	1	1	1991	8	3	3	0	1	8	10	0
37	37268	6132	0	1	1991	11	4	4	0	0	11	10	6
37	37319	6243	0	1	1991	9	3	2	0	0	10	9	1
37	37152	5878	0	1	1991	4	2	1	0	0	10	10	0
37	37039	5613	0	1	1991	11	4	8	0	0	8	8	0
37	37201	5970	1	1	1990	10	4	3	0	1	9	9	1
37	37308	6222	0	1	1991	3	1	1	0	0	11	10	1
37	37290	6185	1	1	1990	12	4	1	0	1	12	10	0
37	37075	5695	0	1	1991	3	1	5	0	0	13	8	1
37	37171	5907	0	1	1990	11	4	6	0	0	5	10	0
37	37363	6306	0	1	1991	8	3	1	0	0	11	11	0
37	37236	6058	0	1	1991	11	4	5	0	0	9	9	0
37	37250	6083	0	1	1991	8	3	4	0	0	12	10	3
37	37282	6166	1	1	1990	10	4	1	0	1	12	10	0
37	37400	6342	1	1	1991	10	4	1	0	1	10	10	1
37	37385	6327	1	1	1991	10	4	1	0	1	3	9	1
37	37261	6110	0	1	1991	1	1	2	0	0	5	10	2
37	37261	6111	0	1	1991	6	2	3	0	0	12	10	0
37	37308	6223	0	1	1991	9	3	2	0	0	9	9	2
37	37365	6308	0	1	1991	8	3	1	0	0	11	11	0
37	37131	5833	0	1	1991	9	3	5	0	0	10	11	0
37	37198	5963	1	1	1990	10	4	3	0	1	8	10	3
37	37134	5842	1	1	1991	9	3	5	0	1	13	10	0
37	37077	5700	0	1	1990	10	4	4	0	0	11	9	1
37	37271	6139	0	1	1991	7	3	3	0	0	9	10	1
37	37375	6318	1	1	1991	9	3	1	0	1	11	9	0
37	37305	6216	0	1	1991	3	1	1	0	0	15	10	0
37	37024	5578	0	1	1991	7	3	8	0	0	13	10	2
37	37126	5818	0	1	1990	10	4	3	0	0	11	9	1
37	37100	5757	0	1	1991	6	2	5	0	0	6	7	0
37	37046	5631	0	1	1991	5	2	6	0	0	11	10	1
37	37038	5609	1	1	1991	1	1	6	0	1	11	11	3
37	37282	6167	1	1	1991	3	1	2	0	1	10	7	0
37	37040	5614	1	1	1990	11	4	7	0	1	11	11	0
37	37139	5852	0	1	1991	4	2	3	0	0	15	10	0
37	37051	5644	0	1	1991	7	3	6	0	0	17	10	1
37	37104	5770	0	1	1991	11	4	6	0	0	12	10	3
37	37141	5856	1	1	1991	5	2	3	0	1	13	10	1
37	37255	6097	0	1	1991	4	2	3	0	0	12	9	0
37	37031	5593	0	1	1991	6	2	7	0	0	12	10	1
37	37161	5893	1	1	1991	10	4	1	0	6	12	10	1
37	37166	5898	1	1	1991	11	4	1	0	2	10	11	1
37	37091	5739	1	1	1990	12	4	4	0	1	14	11	0
37	37261	6112	0	1	1991	10	4	4	0	0	9	9	0
37	37153	5880	1	1	1991	4	2	1	0	2	10	8	2
37	37243	6073	0	1	1991	3	1	3	0	0	10	7	2
37	37135	5843	1	1	1990	12	4	3	0	2	17	11	0
37	37200	5969	1	1	1991	10	4	6	0	5	13	14	1
37	37326	6255	1	1	1991	5	2	1	0	1	6	9	5
37	37273	6145	1	1	1991	11	4	4	0	1	9	9	2
37	37333	6268	0	1	1991	5	2	1	0	0	9	9	0
37	37351	6294	0	1	1991	7	3	1	0	0	12	8	1
37	37026	5582	0	1	1990	12	4	6	0	0	12	11	1
37	37103	5766	1	1	1991	3	1	4	0	1	16	11	0
37	37139	5853	0	1	1991	8	3	4	0	0	15	9	0
37	37085	5723	0	1	1991	5	2	8	0	0	10	8	1
37	37078	5704	0	1	1991	4	2	7	0	0	9	8	0
37	37212	5998	1	1	1991	10	4	5	0	1	9	10	9
37	37150	5875	1	1	1991	3	1	1	0	2	10	12	1
37	37203	5975	1	1	1991	2	1	4	0	2	12	12	0
37	37310	6226	0	1	1991	3	1	1	0	0	1	1	9
37	37288	6181	1	1	1991	6	2	2	0	1	14	10	1
37	37196	5959	0	1	1991	11	4	6	0	0	5	10	2
37	37036	5604	1	1	1991	1	1	6	0	1	13	10	1
37	37390	6332	1	1	1991	10	4	1	0	3	11	10	1
37	37116	5800	0	1	1991	8	3	8	0	0	15	9	2
37	37092	5740	0	1	1991	4	2	5	0	0	13	10	2
37	37145	5867	0	1	1991	11	4	3	0	0	8	10	1
37	37312	6229	0	1	1991	4	2	1	0	0	12	9	0
37	37362	6305	1	1	1991	8	3	1	0	1	12	8	0
37	37207	5985	1	1	1990	12	4	3	0	1	10	11	1
37	37116	5799	1	1	1991	3	1	7	0	1	14	10	0
37	37288	6180	0	1	1990	12	4	1	0	0	9	8	1
37	37104	5769	0	1	1991	6	2	5	0	0	13	10	0
37	37047	5635	1	1	1991	9	3	7	0	1	10	9	0
37	37137	5848	0	1	1991	6	2	4	0	0	14	9	2
37	37250	6082	0	1	1991	3	1	3	0	0	11	9	2
37	37173	5911	1	1	1990	11	4	6	0	2	15	10	2
37	37289	6183	0	1	1991	6	2	2	0	0	7	8	1
37	37314	6233	1	1	1991	4	2	1	0	2	12	12	0
37	37018	5567	0	1	1991	2	1	8	0	0	11	11	1
37	37170	5905	0	1	1991	2	1	7	0	0	10	10	0
37	37143	5859	1	1	1991	1	1	2	0	1	10	12	1
37	37234	6052	0	1	1991	6	2	4	0	0	12	10	0
37	37163	5895	0	1	1991	10	4	1	0	0	10	10	1
37	37207	5987	0	1	1991	10	4	5	0	0	14	10	1
37	37057	5655	1	1	1991	1	1	5	0	1	13	12	0
37	37079	5705	1	1	1991	2	1	5	0	1	11	11	2
37	37278	6156	0	1	1991	7	3	3	0	0	11	11	0
37	37333	6269	1	1	1991	10	4	2	0	1	10	11	0
37	37205	5981	1	1	1991	10	4	6	0	2	3	10	0
37	37367	6310	0	1	1991	8	3	1	0	0	11	10	2
37	37270	6135	1	1	1990	10	4	1	0	1	6	10	0
37	37338	6276	0	1	1991	6	2	1	0	0	12	9	1
37	37186	5938	0	1	1990	12	4	5	0	0	12	10	1
37	37118	5804	0	1	1991	7	3	5	0	0	12	10	0
37	37386	6328	1	1	1991	11	4	1	0	1	12	10	0
37	37374	6317	1	1	1991	9	3	1	0	1	9	7	0
37	37214	6004	1	1	1991	11	4	6	0	1	9	10	5
37	37014	5559	1	1	1990	11	4	7	0	1	14	8	2
37	37342	6283	0	1	1991	8	3	1	0	0	11	8	1
37	37022	5573	1	1	1990	12	4	7	0	2	10	11	1
37	37104	5768	1	1	1991	1	1	4	0	1	15	10	2
37	37063	5669	0	1	1991	7	3	6	0	0	12	9	1
37	37102	5764	1	1	1991	11	4	6	0	2	12	10	2
37	37012	5555	1	1	1991	2	1	8	0	2	6	11	0
37	37187	5939	1	1	1990	12	4	5	0	1	11	11	0
37	37282	6168	0	1	1991	8	3	3	0	0	13	9	0
37	37179	5926	0	1	1990	11	4	5	0	0	8	9	0
37	37113	5793	1	1	1991	9	3	5	0	1	13	11	1
37	37199	5966	1	1	1990	12	4	3	0	3	15	13	0
37	37156	5887	0	1	1991	6	2	1	0	0	9	10	0
37	37129	5825	0	1	1990	10	4	3	0	0	14	10	1
37	37017	5565	0	1	1991	5	2	8	0	0	16	6	1
37	37360	6303	0	1	1991	8	3	1	0	0	13	13	0
37	37193	5950	0	1	1990	12	4	4	0	0	3	3	7
37	37074	5692	1	1	1991	3	1	5	0	1	16	9	0
37	37239	6064	0	1	1991	8	3	4	0	0	10	10	0
37	37291	6190	1	1	1991	11	4	3	0	1	10	10	0
37	37345	6287	1	1	1991	6	2	1	0	1	11	10	0
37	37066	5674	0	1	1990	10	4	4	0	0	13	10	0
37	37238	6062	0	1	1991	6	2	4	0	0	4	8	1
37	37077	5701	1	1	1991	3	1	5	0	1	14	12	1
37	37313	6231	0	1	1991	4	2	1	1	0	9	9	2
37	37295	6197	1	1	1991	1	1	1	1	2	18	6	0
37	37376	6319	1	1	1991	9	3	1	1	4	11	12	2
37	37275	6150	0	1	1991	7	3	3	1	0	10	8	0
37	37121	5808	1	1	1991	1	1	3	1	2	10	11	4
37	37213	6000	0	1	1991	3	1	4	1	0	13	7	0
37	37177	5923	0	1	1991	9	3	8	1	0	5	10	1
37	37258	6106	1	1	1991	3	1	3	1	1	12	9	0
37	37291	6189	0	1	1991	5	2	2	1	0	9	10	0
37	37314	6234	0	1	1991	9	3	2	1	0	8	9	1
37	37381	6323	1	1	1991	9	3	1	1	4	10	9	0
37	37283	6169	1	1	1990	10	4	1	1	1	8	11	0
37	37092	5741	1	1	1991	9	3	6	1	1	16	11	1
37	37182	5933	1	1	1990	12	4	5	1	1	10	10	5
37	37344	6285	0	1	1991	6	2	1	1	0	12	10	0
37	37207	5986	1	1	1991	5	2	4	1	2	17	11	0
37	37253	6092	0	1	1991	8	3	4	1	0	8	10	0
37	37265	6123	1	1	1991	10	4	4	1	1	14	10	0
37	37206	5982	0	1	1990	10	4	3	1	0	7	9	5
37	37185	5937	1	1	1991	6	2	6	1	1	11	11	4
37	37395	6337	1	1	1991	9	3	1	1	10	11	20	0
37	37017	5564	1	1	1990	11	4	7	1	2	12	9	1
37	37188	5942	0	1	1991	9	3	7	1	0	14	10	1
37	37252	6089	1	1	1991	9	3	4	1	3	3	10	0
37	37086	5725	0	1	1990	12	4	4	1	0	11	9	2
37	37108	5780	0	1	1991	11	4	6	1	0	9	10	0
37	37242	6071	0	1	1991	7	3	4	1	0	7	7	0
37	37393	6335	0	1	1991	10	4	1	1	0	2	8	1
37	37064	5671	0	1	1991	6	2	6	1	0	12	9	1
37	37246	6077	0	1	1991	11	4	1	1	0	12	9	0
37	37264	6119	0	1	1991	5	2	3	1	0	13	8	3
37	37084	5721	1	1	1991	9	3	6	1	1	15	11	1
37	37062	5667	0	1	1991	7	3	6	1	0	16	9	1
37	37317	6239	0	1	1991	9	3	2	1	0	14	11	0
37	37274	6148	1	1	1991	11	4	4	1	2	16	10	0
37	37315	6235	0	1	1991	4	2	1	1	0	9	10	1
37	37223	6026	0	1	1991	5	2	4	1	0	10	8	0
37	37341	6281	0	1	1991	6	2	1	1	0	13	9	1
37	37357	6300	0	1	1991	8	3	1	1	0	13	9	0
37	37113	5792	0	1	1991	4	2	4	1	0	11	10	1
37	37192	5948	0	1	1991	5	2	5	1	0	13	9	1
37	37020	5571	0	1	1990	11	4	7	1	0	12	9	1
37	37311	6227	1	1	1991	3	1	1	1	1	11	11	0
37	37175	5918	0	1	1991	4	2	7	1	0	8	10	2
37	37355	6298	1	1	1991	7	3	1	1	1	12	6	1
37	37315	6236	0	1	1991	9	3	2	1	0	8	12	2
37	37331	6265	0	1	1991	10	4	2	1	0	11	9	0
37	37281	6164	0	1	1991	3	1	2	1	0	8	10	0
37	37177	5922	0	1	1991	5	2	7	1	0	7	9	0
37	37076	5699	1	1	1991	8	3	6	1	1	14	14	0
37	37285	6171	1	1	1990	11	4	1	1	1	8	9	1
37	37026	5584	1	1	1991	9	3	8	1	1	11	7	1
37	37206	5983	0	1	1991	3	1	4	1	0	9	9	0
37	37041	5617	0	1	1991	1	1	6	1	0	11	10	2
37	37396	6338	0	1	1991	11	4	1	1	0	6	8	0
37	37230	6042	0	1	1990	12	4	3	1	0	9	10	0
37	37174	5916	0	1	1991	10	4	8	1	0	7	9	2
37	37128	5824	0	1	1991	10	4	5	1	0	14	9	4
37	37241	6068	1	1	1991	2	1	3	1	1	13	10	1
37	37094	5747	1	1	1991	11	4	6	1	1	16	10	3
37	37090	5738	1	1	1991	9	3	6	1	1	10	11	0
37	37321	6247	1	1	1991	9	3	2	1	4	10	10	0
37	37009	5550	0	1	1990	10	4	8	1	0	8	10	3
37	37144	5864	1	1	1991	11	4	4	1	2	7	10	3
37	37056	5652	1	1	1990	12	4	5	1	1	11	10	3
37	37155	5885	1	1	1991	3	1	7	1	1	16	9	0
37	37097	5753	1	1	1991	2	1	4	1	1	12	9	2
37	37102	5762	1	1	1991	1	1	4	1	1	10	10	2
37	37155	5884	1	1	1990	10	4	6	1	2	14	10	2
37	37181	5932	0	1	1991	8	3	7	1	0	8	9	2
37	37094	5746	0	1	1991	6	2	5	1	0	16	10	1
37	37119	5805	0	1	1990	10	4	3	1	0	14	10	0
37	37047	5634	0	1	1991	4	2	6	1	0	10	10	0
37	37174	5915	0	1	1991	5	2	7	1	0	3	10	0
37	37328	6258	0	1	1991	5	2	1	1	0	10	10	0
37	37050	5641	0	1	1991	5	2	6	1	0	15	10	1
37	37050	5642	1	1	1991	10	4	7	1	2	11	10	2
37	37356	6299	0	1	1991	8	3	1	1	0	11	9	0
37	37244	6075	0	1	1991	11	4	1	2	0	9	9	1
37	37213	5999	1	1	1990	10	4	3	2	1	12	11	1
37	37354	6297	1	1	1991	7	3	1	2	2	11	11	1
37	37060	5663	1	1	1991	5	2	6	2	2	15	11	2
37	37130	5829	1	1	1991	4	2	4	2	3	12	11	2
37	37370	6313	1	1	1991	6	2	1	2	1	11	11	0
37	37210	5994	0	1	1991	9	3	6	2	0	9	13	2
37	37147	5870	0	1	1991	3	1	2	2	0	9	9	2
37	37352	6295	0	1	1991	7	3	1	2	0	7	7	2
37	37258	6107	0	1	1991	9	3	4	2	0	11	10	0
37	37138	5850	0	1	1991	5	2	4	2	0	11	11	0
37	37353	6296	0	1	1991	7	3	1	2	0	12	7	0
37	37055	5651	1	1	1990	12	4	5	2	2	11	11	1
37	37291	6188	1	1	1990	12	4	1	2	1	10	10	0
37	37233	6048	0	1	1990	10	4	2	2	0	8	11	2
37	37032	5596	0	1	1991	6	2	7	2	0	14	9	2
37	37138	5849	1	1	1991	1	1	3	2	1	14	8	0
37	37110	5784	0	1	1991	6	2	5	3	0	11	10	0
37	37175	5917	1	1	1990	11	4	6	3	1	11	10	1
37	37053	5648	1	1	1990	12	4	5	3	4	15	12	0
37	37280	6160	1	1	1990	10	4	1	4	1	10	10	0
